100
1 68 80
2 62 470
3 26 480
4 37 440
5 74 471
6 50 470
7 27 471
8 51 180
9 75 340
10 35 320
11 16 280
12 28 400
13 27 280
14 75 360
15 56 200
16 65 230
17 12 80
18 65 470
19 13 60
20 47 251
21 57 60
22 37 340
23 59 370
24 10 160
25 17 370
26 66 50
27 15 80
28 35 70
29 53 60
30 7 250
31 54 280
32 1 330
33 69 470
34 55 30
35 14 490
36 38 371
37 40 370
38 70 0
39 22 0
40 76 281
41 1 370
42 57 470
43 10 80
44 44 410
45 50 120
46 65 140
47 54 200
48 45 200
49 25 470
50 63 370
51 17 271
52 2 281
53 2 301
54 35 0
55 8 20
56 65 30
57 70 350
58 33 351
59 24 0
60 35 340
61 48 451
62 52 390
63 71 480
64 79 271
65 7 140
66 3 181
67 11 530
68 38 231
69 55 381
70 20 281
71 4 280
72 34 60
73 79 110
74 16 200
75 41 311
76 56 220
77 51 120
78 67 20
79 57 510
80 14 380
81 62 280
82 73 421
83 33 90
84 33 60
85 58 280
86 60 370
87 61 110
88 10 120
89 57 100
90 6 0
91 76 210
92 74 40
93 71 120
94 66 221
95 63 421
96 56 0
97 73 201
98 28 291
99 42 371
100 67 371
