100
1 68 80
2 63 40
3 39 350
4 37 140
5 74 540
6 50 220
7 27 430
8 51 20
9 75 160
10 35 210
11 31 280
12 28 80
13 27 100
14 75 80
15 56 200
16 65 270
17 12 160
18 65 130
19 13 80
20 47 120
21 57 70
22 37 230
23 59 170
24 10 120
25 17 70
26 66 130
27 15 80
28 35 260
29 53 80
30 7 200
31 54 100
32 1 280
33 69 340
34 55 30
35 14 170
36 38 380
37 40 130
38 70 0
39 22 80
40 76 130
41 1 370
42 57 170
43 48 80
44 44 280
45 50 120
46 65 180
47 71 200
48 45 80
49 25 470
50 63 170
51 17 60
52 2 150
53 2 40
54 35 40
55 70 180
56 65 30
57 70 120
58 33 280
59 24 80
60 35 0
61 48 200
62 52 450
63 71 350
64 79 250
65 7 280
66 62 40
67 11 320
68 38 80
69 55 340
70 20 280
71 4 0
72 34 80
73 79 80
74 16 370
75 41 90
76 56 100
77 51 250
78 79 200
79 57 210
80 14 230
81 62 160
82 69 290
83 33 60
84 33 80
85 58 80
86 60 370
87 61 80
88 10 80
89 57 360
90 6 0
91 76 50
92 74 80
93 46 80
94 66 30
95 63 120
96 56 30
97 73 200
98 28 260
99 51 310
100 67 220
