50 55
3 10
3 22
3 38
4 28
4 48
5 19
6 25
6 36
7 28
8 17
9 17
9 29
9 42
10 33
10 46
10 50
11 12
11 13
11 29
11 40
12 48
12 49
13 26
13 31
13 40
14 25
14 32
14 45
14 46
15 27
15 41
17 26
19 20
19 35
19 42
20 40
21 42
22 27
23 35
23 37
24 26
24 40
24 42
25 38
26 50
28 39
32 44
32 50
35 37
37 40
37 43
38 45
40 41
40 43
44 49
87 81 58 55 51 84 16 26 72 26 55 75 17 88 37 23 80 93 31 62 31 55 4 82 50 63 65 62 32 53 83 92 78 61 87 63 72 64 99 6 50 46 89 17 52 39 88 9 42 53
10
17 6 17 42 11 17 43 18 37 22
199
1 4 76
1 1 37
1 3 18
2 2 31
2 5 100
2 10 28
3 7 64
3 1 56
3 3 19
3 9 98
3 10 92
4 2 94
4 7 50
4 10 80
5 10 24
5 6 92
5 8 82
6 8 28
6 2 56
6 4 18
7 6 41
7 1 85
7 5 97
8 1 10
8 6 36
9 8 75
9 3 18
9 4 3
9 7 3
9 9 85
10 2 53
10 3 39
10 5 77
11 1 36
11 2 66
11 8 46
12 6 41
12 1 98
12 8 95
13 1 14
13 3 56
13 7 79
13 9 18
14 6 27
14 1 71
14 3 42
14 5 61
14 9 10
14 10 53
15 10 75
15 2 81
15 4 31
15 7 46
15 8 44
16 5 87
16 1 91
16 6 9
16 7 73
16 8 91
16 10 16
17 5 31
17 2 8
17 7 50
18 5 26
18 1 79
18 2 32
18 6 6
18 8 48
19 9 7
19 2 58
19 6 39
20 1 79
20 3 52
20 6 3
20 8 55
20 10 81
21 7 37
21 4 20
21 6 53
21 8 60
21 9 81
22 8 51
22 1 37
22 10 26
23 9 2
23 5 88
24 7 36
24 4 29
24 8 51
25 2 63
25 1 96
25 3 98
25 4 16
25 8 44
25 10 74
26 6 81
26 1 82
26 2 85
26 5 25
26 9 38
27 6 43
27 1 41
27 2 76
27 7 71
27 9 3
28 3 76
28 1 96
28 4 79
28 10 32
29 1 13
29 2 10
29 3 27
29 6 31
29 8 75
29 9 46
30 3 10
30 5 80
30 6 11
31 1 26
31 2 67
31 3 66
31 7 89
31 9 74
31 10 12
32 1 12
32 3 39
32 5 63
32 6 33
33 2 52
33 1 48
33 4 30
33 5 26
33 6 83
33 7 43
34 7 5
34 1 24
34 5 99
34 6 5
35 3 68
35 1 17
35 2 95
35 4 40
35 7 61
35 9 99
36 1 10
36 3 28
36 7 48
36 8 59
37 8 6
37 5 6
37 9 6
37 10 49
38 4 82
38 9 12
39 6 88
39 2 70
39 3 21
39 5 52
39 7 79
40 1 76
40 6 6
40 8 28
40 9 22
41 10 21
41 1 84
41 3 67
41 6 100
41 7 53
41 8 15
42 1 4
42 6 33
42 7 91
42 9 26
43 8 43
43 1 22
43 4 73
44 7 76
44 6 8
45 4 33
45 5 60
45 6 73
45 8 77
45 9 74
45 10 90
46 2 33
46 6 77
47 7 42
47 3 41
47 4 29
47 5 69
48 6 96
48 9 44
48 10 54
49 7 98
49 2 54
49 10 78
50 6 48
50 2 79
50 3 47
