493
1 197 20
2 177 260
3 118 210
4 107 330
5 70 230
6 61 150
7 196 160
8 163 60
9 33 70
10 166 610
11 154 570
12 192 120
13 137 330
14 20 0
15 32 210
16 81 370
17 25 180
18 182 320
19 160 130
20 162 40
21 186 150
22 72 180
23 85 0
24 117 60
25 6 140
26 177 340
27 84 140
28 185 130
29 10 300
30 105 350
31 98 20
32 62 40
33 53 140
34 169 200
35 190 40
36 188 130
37 187 180
38 190 410
39 195 60
40 187 370
41 78 400
42 170 510
43 77 90
44 58 60
45 154 40
46 168 80
47 56 140
48 148 120
49 193 200
50 69 420
51 22 330
52 135 400
53 119 290
54 117 90
55 98 60
56 130 170
57 97 0
58 182 200
59 192 60
60 53 230
61 194 60
62 55 140
63 188 340
64 139 670
65 194 110
66 25 100
67 172 110
68 133 290
69 43 200
71 197 50
72 136 330
73 66 290
74 5 330
75 110 120
76 38 320
77 171 370
78 67 180
79 162 220
80 43 260
82 92 20
83 1 300
84 186 250
85 97 70
86 112 110
87 116 150
88 188 220
89 109 80
90 132 40
91 161 240
92 51 160
93 97 170
94 132 90
95 180 360
96 77 120
97 153 320
98 20 280
99 116 100
100 87 390
101 146 120
102 55 400
103 41 90
104 80 50
105 17 220
106 131 40
107 79 20
108 197 220
109 73 190
110 182 180
111 155 340
112 78 140
113 136 170
114 108 250
115 132 400
116 82 610
117 180 120
118 198 250
119 1 320
120 189 0
121 45 120
122 112 40
123 47 60
124 127 60
125 36 80
126 162 90
127 1 120
128 105 200
129 8 710
130 8 630
131 107 190
132 122 80
133 195 190
134 141 610
135 105 270
136 198 450
137 160 100
138 16 610
139 113 140
140 48 250
141 61 370
142 20 130
144 145 140
145 195 80
146 120 90
147 12 310
148 168 180
149 1 450
150 137 120
151 61 690
152 94 70
153 7 320
154 124 190
155 14 40
156 167 40
157 60 220
158 123 230
159 127 20
160 7 450
161 78 60
162 70 140
163 162 190
164 163 410
165 89 480
166 191 120
167 176 50
168 160 60
169 9 50
170 30 120
171 137 0
172 52 50
173 109 110
174 198 350
175 182 60
176 48 60
177 102 540
178 183 710
179 33 40
180 99 320
181 176 20
182 34 70
183 124 180
184 190 490
185 182 40
186 7 60
187 33 200
188 176 110
189 90 640
190 191 610
191 106 220
192 63 170
193 45 210
194 79 270
195 7 420
196 120 180
197 193 110
198 88 20
199 170 40
200 54 110
201 181 230
202 78 350
203 200 80
204 175 40
205 113 20
206 137 170
207 145 150
208 155 230
209 123 40
210 107 280
211 116 280
212 57 120
213 2 40
214 107 110
215 156 160
216 135 60
217 143 140
218 25 220
219 86 320
220 129 220
221 35 80
222 169 130
223 80 160
224 8 270
225 98 280
226 72 680
227 101 150
228 10 80
229 90 100
230 195 420
231 100 650
232 135 250
233 12 110
234 54 170
236 178 80
237 189 100
238 120 60
239 132 560
240 129 280
241 172 160
242 85 120
243 47 320
244 56 20
245 5 130
246 60 330
247 35 430
248 92 750
249 33 580
250 196 560
251 3 100
252 17 320
253 139 80
254 79 330
255 181 120
256 144 510
257 59 270
258 188 90
259 138 610
260 125 200
261 17 360
262 123 20
263 23 40
264 127 130
265 40 270
266 73 60
267 168 320
268 171 190
269 173 610
270 30 270
271 125 290
272 88 80
273 99 150
274 200 360
275 138 160
276 188 240
277 73 250
278 6 230
279 87 140
280 64 190
281 38 200
282 121 580
283 37 400
284 177 20
285 198 130
286 122 290
287 3 450
288 6 80
289 164 220
290 92 560
291 83 60
292 184 110
293 16 40
294 132 230
295 165 420
297 134 330
298 110 40
299 123 200
300 190 320
301 115 330
302 49 160
303 126 110
304 57 280
305 136 250
306 112 210
307 102 20
308 80 220
309 144 40
310 197 140
311 172 20
312 48 330
313 195 330
314 80 90
315 13 240
316 109 540
317 185 40
318 190 170
319 135 120
320 107 210
321 126 220
322 121 280
323 44 250
324 108 50
325 43 130
326 31 40
327 198 50
328 18 330
329 90 140
330 182 110
331 156 80
332 1 250
333 32 280
334 85 210
335 148 60
336 123 250
337 129 100
338 30 20
339 82 20
340 164 140
341 54 260
342 128 40
343 55 80
344 102 330
345 61 40
346 21 140
347 182 310
348 91 40
349 163 240
350 106 60
351 116 210
352 52 420
353 12 280
354 80 400
355 61 110
356 190 270
357 6 300
358 128 120
359 129 20
360 140 100
361 46 370
362 124 80
363 29 0
364 61 230
365 187 70
366 177 40
367 131 510
368 159 120
369 93 40
370 63 40
371 40 0
372 27 180
373 46 510
375 166 690
376 60 0
377 132 460
378 76 610
379 46 40
380 105 120
381 45 350
382 196 60
383 4 170
384 81 610
385 44 200
386 4 300
387 52 140
388 113 250
389 69 60
390 19 230
391 16 130
392 122 130
393 46 140
394 100 60
395 122 170
396 181 80
397 95 320
398 86 60
399 70 110
400 90 60
401 6 400
402 48 130
404 114 150
405 103 480
406 80 270
407 92 340
408 55 250
409 71 150
410 63 400
411 52 200
412 61 290
413 125 70
414 200 120
415 72 20
416 165 340
417 51 320
418 159 270
419 159 20
420 24 440
421 51 370
422 136 80
423 96 110
424 10 170
425 40 170
426 59 190
427 18 100
428 193 630
429 147 40
430 35 130
431 171 60
432 133 130
433 32 230
434 68 270
435 46 240
436 82 480
437 184 250
438 92 200
439 21 270
440 53 0
441 115 360
442 71 270
443 93 130
444 187 170
445 23 120
446 106 150
447 41 60
448 53 80
449 56 250
450 107 20
451 88 240
452 124 400
453 126 60
454 74 150
455 97 110
456 32 60
457 105 60
458 43 180
459 140 40
460 180 220
461 176 250
462 23 220
463 167 190
464 73 160
465 47 400
466 84 70
467 5 70
468 195 270
469 21 570
470 182 250
471 190 130
472 1 200
473 18 370
474 25 200
475 54 40
476 121 120
477 129 130
478 187 280
479 62 150
480 80 560
481 137 220
482 25 60
483 84 60
484 64 20
485 13 80
486 126 320
487 103 20
488 28 490
489 133 200
490 115 370
491 163 150
492 68 140
493 172 80
494 185 240
495 164 40
496 133 40
497 17 60
498 18 260
499 187 0
500 167 130
