493
1 197 200
2 177 631
3 118 521
4 107 620
5 70 230
6 61 400
7 196 691
8 163 40
9 33 40
10 166 610
11 154 570
12 192 160
13 137 701
14 20 0
15 32 620
16 81 611
17 25 520
18 182 331
19 160 301
20 162 301
21 186 260
22 72 160
23 85 91
24 117 622
25 6 140
26 177 580
27 84 651
28 185 401
29 10 620
30 105 512
31 98 20
32 62 40
33 53 612
34 169 490
35 190 40
36 188 360
37 187 581
38 190 370
39 195 60
40 187 501
41 78 631
42 170 720
43 77 500
44 58 80
45 154 91
46 168 180
47 56 711
48 148 471
49 193 220
50 69 371
51 22 610
52 135 660
53 119 631
54 117 582
55 98 80
56 130 551
57 97 330
58 182 210
59 192 100
60 53 531
61 194 140
62 55 130
63 188 611
64 139 670
65 194 60
66 25 440
67 172 161
68 133 470
69 43 340
71 197 230
72 136 400
73 66 712
74 5 331
75 110 160
76 38 672
77 171 580
78 67 750
79 162 601
80 43 240
82 92 141
83 1 700
84 186 660
85 97 290
86 112 591
87 116 691
88 188 480
89 109 480
90 132 640
91 161 240
92 51 310
93 97 701
94 132 460
95 180 340
96 77 110
97 153 320
98 20 400
99 116 100
100 87 391
101 146 130
102 55 591
103 41 90
104 80 430
105 17 450
106 131 40
107 79 291
108 197 481
109 73 582
110 182 190
111 155 641
112 78 400
113 136 210
114 108 331
115 132 690
116 82 672
117 180 510
118 198 250
119 1 621
120 189 150
121 45 581
122 112 581
123 47 60
124 127 440
125 36 481
126 162 500
127 1 451
128 105 140
129 8 710
130 8 630
131 107 600
132 122 100
133 195 642
134 141 561
135 105 432
136 198 600
137 160 120
138 16 610
139 113 620
140 48 470
141 61 710
142 20 241
144 145 510
145 195 460
146 120 321
147 12 322
148 168 460
149 1 531
150 137 170
151 61 690
152 94 480
153 48 591
154 124 571
155 14 531
156 167 580
157 60 410
158 123 631
159 127 60
160 7 510
161 78 80
162 70 522
163 162 90
164 163 390
165 89 480
166 191 160
167 176 312
168 160 80
169 9 311
170 30 571
171 137 230
172 52 540
173 109 310
174 198 421
175 182 281
176 48 400
177 102 580
178 183 661
179 33 441
180 99 531
181 176 20
182 34 141
183 124 561
184 190 320
185 182 260
186 7 60
187 33 391
188 176 292
189 90 751
190 191 560
191 106 551
192 63 581
193 45 330
194 79 430
195 145 480
196 120 711
197 193 130
198 88 160
199 170 80
200 54 150
201 181 551
202 78 350
203 200 431
204 175 80
205 113 530
206 137 521
207 145 331
208 155 230
209 123 80
210 107 580
211 116 340
212 57 320
213 2 40
214 107 110
215 156 651
216 135 60
217 143 631
218 25 340
219 86 631
220 129 451
221 35 80
222 169 470
223 80 350
224 8 690
225 98 681
226 72 681
227 101 331
228 10 80
229 90 100
230 195 370
231 100 460
232 135 400
233 12 402
234 54 471
236 133 400
237 189 100
238 120 80
239 132 370
240 129 330
241 172 211
242 85 420
243 47 520
244 56 550
245 5 651
246 60 390
247 35 692
248 92 750
249 33 580
250 196 640
251 144 100
252 17 311
253 139 180
254 79 691
255 181 120
256 144 460
257 59 401
258 188 90
259 138 681
260 125 210
261 17 631
262 123 60
263 23 501
264 127 330
265 40 471
266 73 260
267 168 320
268 171 331
269 173 731
270 30 561
271 125 480
272 88 80
273 99 250
274 200 480
275 138 332
276 188 290
277 73 250
278 6 351
279 87 331
280 64 241
281 38 391
282 121 710
283 37 400
284 177 40
285 198 580
286 122 480
287 3 681
288 6 331
289 164 570
290 92 640
291 83 60
292 184 571
293 16 60
294 186 220
295 165 681
297 134 330
298 110 80
299 139 401
300 190 652
301 115 590
302 49 160
303 126 330
304 57 260
305 199 570
306 112 541
307 102 80
308 80 210
309 144 40
310 197 180
311 172 20
312 48 330
313 195 280
314 56 480
315 13 240
316 109 631
317 185 321
318 190 220
319 135 580
320 107 90
321 126 550
322 121 400
323 44 231
324 108 261
325 43 190
326 31 60
327 198 531
328 18 660
329 90 691
330 182 20
331 156 80
332 1 401
333 32 260
334 85 330
335 148 60
336 175 311
337 129 190
338 30 20
339 82 540
340 164 370
341 54 210
342 128 190
343 55 230
344 104 311
345 61 40
346 21 141
347 182 150
348 134 80
349 163 371
350 106 170
351 116 502
352 52 681
353 12 292
354 80 410
355 61 360
356 190 750
357 69 611
358 128 120
359 129 110
360 140 100
361 46 450
362 124 360
363 29 0
364 61 300
365 187 0
366 177 501
367 131 510
368 159 461
369 93 241
370 63 40
371 40 0
372 27 381
373 46 741
375 166 690
376 60 0
377 132 540
378 76 561
379 46 350
380 105 690
381 45 170
382 196 60
383 4 551
384 81 711
385 44 181
386 4 300
387 52 40
388 113 450
389 69 60
390 19 230
391 16 531
392 122 90
393 46 250
394 100 241
395 122 690
396 181 80
397 95 591
398 86 261
399 70 110
400 90 60
401 6 311
402 48 150
404 114 231
405 103 480
406 80 110
407 115 601
408 55 220
409 71 631
410 63 401
411 52 520
412 61 110
413 125 130
414 200 401
415 72 60
416 165 290
417 51 550
418 159 411
419 159 331
420 24 600
421 51 210
422 136 621
423 96 110
424 10 170
425 40 330
426 59 190
427 18 600
428 193 650
429 147 231
430 35 341
431 171 60
432 133 330
433 32 461
434 68 230
435 46 150
436 82 480
437 184 250
438 92 190
439 21 630
440 53 151
441 115 580
442 71 270
443 93 80
444 187 681
445 23 661
446 106 100
447 41 60
448 53 20
449 56 460
450 107 0
451 88 671
452 124 350
453 126 652
454 74 150
455 97 230
456 32 310
457 105 80
458 43 170
459 140 40
460 180 490
461 176 262
462 23 581
463 167 670
464 73 80
465 47 400
466 84 581
467 5 70
468 195 550
469 21 570
470 182 90
471 190 150
472 1 140
473 18 530
474 25 320
475 54 80
476 121 160
477 129 20
478 187 691
479 62 521
480 80 690
481 137 140
482 25 60
483 84 571
484 64 20
485 13 611
486 126 421
487 103 11
488 28 510
489 133 190
490 115 342
491 163 331
492 68 140
493 172 111
494 185 291
495 164 40
496 133 40
497 17 60
498 18 400
499 38 41
500 167 271
