884
1 267 430
2 312 110
3 279 260
4 56 100
5 209 40
6 377 90
7 64 20
8 116 201
9 204 150
10 221 160
11 374 200
12 31 100
13 303 270
14 193 410
15 251 290
16 86 80
17 314 180
18 252 150
19 187 190
20 81 210
21 262 320
22 212 170
23 122 60
24 244 80
25 80 70
26 18 290
27 315 170
28 210 220
29 124 20
30 345 80
31 215 300
32 351 80
33 41 110
34 122 180
35 82 0
36 385 280
37 351 160
38 227 70
39 64 130
40 274 190
41 214 80
42 267 190
43 133 250
44 177 260
45 323 60
46 371 80
47 398 120
48 341 488
49 42 390
50 309 20
51 77 110
52 393 130
53 59 240
54 264 110
55 197 260
56 332 301
57 109 120
58 106 20
59 72 280
61 143 410
62 274 220
63 309 82
64 253 250
65 37 130
66 4 200
67 342 40
68 175 90
69 89 130
70 361 280
71 203 200
72 189 350
73 189 260
74 134 140
75 331 80
76 167 130
77 241 300
78 166 60
79 169 20
80 393 60
81 24 120
82 44 210
83 143 250
84 5 350
85 95 0
86 160 210
87 142 40
88 121 60
89 94 80
90 27 170
91 55 80
92 132 0
93 62 150
94 155 80
95 307 220
96 127 20
97 40 140
98 27 370
99 264 30
100 153 130
101 5 260
102 207 162
103 398 80
104 158 100
105 391 90
106 397 80
107 227 150
108 5 0
109 356 151
110 396 250
111 32 130
112 221 310
113 177 270
114 275 110
115 25 220
116 358 20
117 370 190
118 349 60
119 177 60
120 7 120
121 69 170
122 73 20
123 30 370
124 10 60
125 228 320
126 34 100
127 144 110
128 250 230
129 113 0
130 131 0
131 72 130
132 44 130
133 187 80
134 17 20
135 101 550
136 71 220
137 186 160
138 190 250
139 34 80
141 75 0
142 386 430
143 263 390
144 241 160
145 220 0
146 43 310
147 262 0
148 1 341
149 197 40
150 114 310
151 210 260
152 178 310
153 179 130
154 57 60
155 181 140
156 283 60
157 223 150
158 165 120
159 146 320
160 27 250
161 263 210
162 193 511
163 282 110
164 258 60
165 154 170
166 4 160
167 290 40
168 243 80
169 241 90
170 48 80
171 300 250
172 178 210
173 373 260
174 262 160
175 4 260
176 231 210
177 284 60
178 247 260
179 196 40
180 246 60
181 375 160
182 150 310
183 116 251
184 228 80
185 13 150
186 353 60
187 99 60
188 380 210
189 224 40
190 199 40
191 125 20
192 332 221
193 159 130
194 236 40
195 208 20
196 400 130
197 135 20
198 119 20
199 243 310
200 69 80
201 150 20
202 68 180
203 34 461
204 105 0
205 167 350
206 30 290
207 242 100
208 293 250
209 103 180
210 376 50
211 149 214
212 249 170
213 98 370
214 310 130
215 6 140
216 253 150
217 79 120
218 344 210
219 229 100
220 48 120
221 39 80
222 102 80
223 397 0
224 354 60
225 114 160
226 110 200
227 133 140
228 29 140
229 13 90
230 203 140
231 381 230
232 44 220
233 387 20
234 290 580
235 67 170
236 25 140
237 355 90
238 145 310
239 247 40
240 253 260
241 68 270
242 317 130
243 89 210
244 58 40
245 332 60
246 371 170
247 332 391
248 304 220
249 350 370
250 24 80
251 337 260
252 71 120
253 292 190
254 276 110
255 374 0
256 218 300
257 157 130
258 247 180
259 366 80
261 68 80
262 386 240
263 232 360
264 192 140
265 7 110
266 99 511
267 370 120
268 308 140
269 40 310
270 21 630
271 186 250
272 256 350
273 328 280
274 151 80
275 239 260
276 75 40
277 270 120
278 52 80
279 14 380
280 76 130
281 284 170
282 328 20
283 182 160
284 135 230
285 391 40
286 40 40
287 295 20
288 262 240
289 140 390
290 372 200
291 53 20
292 225 470
293 267 560
294 259 130
295 294 330
296 221 40
297 5 80
298 231 0
299 331 410
300 22 251
301 48 190
302 134 80
303 185 430
304 187 170
306 223 60
307 101 140
308 286 40
309 53 60
310 335 130
311 174 200
312 234 340
313 240 240
314 145 100
315 143 170
316 296 80
317 394 240
318 38 260
319 101 80
320 120 310
321 249 240
322 79 260
323 280 60
324 203 30
325 351 220
326 250 170
327 218 620
328 260 80
329 299 0
330 9 260
331 59 330
332 148 290
333 101 250
334 333 0
335 367 70
336 295 40
337 192 60
338 368 90
339 288 250
340 18 130
341 389 0
342 369 40
343 370 20
344 262 60
345 180 310
346 377 80
347 331 180
348 332 160
349 357 320
350 6 20
351 146 60
352 382 300
353 11 120
354 87 130
355 304 80
356 49 80
357 206 130
358 50 110
359 126 80
360 130 181
361 158 250
362 111 160
363 219 340
364 93 141
365 375 391
366 290 101
367 328 230
368 259 60
369 70 210
370 23 440
371 357 400
372 379 40
373 125 40
374 294 20
375 145 190
376 217 100
377 56 230
378 147 60
379 253 60
380 233 110
381 123 20
382 81 80
383 271 150
384 144 240
385 361 40
386 22 60
387 214 120
389 33 190
391 224 180
392 398 310
393 272 300
394 62 440
395 213 200
396 112 220
397 320 80
398 169 390
399 160 140
400 213 40
401 140 190
402 257 160
403 200 0
404 159 40
405 389 180
406 189 120
407 67 60
408 383 40
409 201 60
410 108 40
411 368 80
412 366 110
413 153 110
414 66 240
415 227 170
416 158 300
417 187 40
418 30 200
419 22 150
420 167 160
421 157 350
422 79 180
423 314 250
424 203 20
425 64 70
427 78 20
429 367 170
430 290 151
431 24 240
432 153 40
433 357 240
434 210 120
435 180 210
436 185 100
437 114 20
438 251 180
439 125 230
440 204 230
441 370 150
442 337 300
443 337 40
444 3 60
445 392 60
446 293 450
447 103 170
448 246 20
449 340 140
450 399 60
451 209 0
452 89 40
453 133 80
454 28 80
455 156 80
456 284 110
457 204 100
458 257 0
459 26 240
460 260 310
461 326 20
462 15 260
463 121 90
464 30 40
465 72 350
466 297 290
467 372 120
468 332 560
469 67 360
470 190 400
471 251 160
472 14 320
473 105 20
474 111 200
475 195 160
476 354 405
477 361 260
478 227 20
479 275 250
480 386 140
481 260 170
482 75 140
483 80 0
484 381 0
485 128 250
486 308 210
487 67 270
488 118 280
489 339 310
490 276 200
491 378 290
492 17 30
493 330 40
494 175 465
495 175 373
496 11 81
497 9 180
498 319 40
499 245 60
500 180 80
501 111 60
502 9 80
503 195 40
504 178 160
505 259 460
506 298 170
507 226 0
508 146 260
509 328 140
510 363 180
511 361 140
512 103 90
513 261 240
514 265 40
515 29 321
516 217 170
517 67 310
518 18 40
519 193 310
520 236 380
521 27 300
522 64 350
523 223 200
524 5 170
525 150 340
526 37 220
527 87 80
528 40 220
529 345 250
530 343 210
531 58 120
532 193 180
533 165 380
534 171 0
535 262 30
536 299 260
537 272 240
538 79 60
539 226 150
540 205 140
541 339 50
542 391 180
543 8 80
544 385 210
545 400 250
546 80 170
547 67 120
548 299 140
549 177 160
550 186 100
551 12 50
552 143 240
553 393 170
554 168 461
555 348 350
556 83 180
557 57 0
558 202 0
559 205 90
560 361 380
561 189 220
562 202 170
563 366 170
564 143 350
565 286 251
566 263 20
567 328 300
568 283 230
569 55 220
570 79 70
571 357 120
572 226 250
573 385 140
574 112 80
575 360 380
576 210 200
577 1 251
578 8 40
579 378 61
580 363 80
581 76 341
582 212 440
583 200 70
584 261 20
585 109 70
586 170 120
587 36 290
588 317 50
589 382 80
590 135 170
591 212 220
592 274 90
593 58 330
594 270 140
595 230 120
596 49 130
597 316 450
598 103 240
599 135 70
600 257 31
601 311 40
602 293 110
603 270 60
604 367 60
605 83 80
606 229 40
607 264 380
608 189 60
609 184 60
610 328 0
611 98 0
612 239 80
613 13 60
614 134 290
615 13 511
616 238 60
617 220 310
618 213 460
619 197 360
620 163 350
621 316 150
622 198 140
623 305 220
624 389 240
625 303 460
626 388 130
627 93 50
628 199 160
629 271 500
630 385 80
631 20 150
632 146 160
633 40 0
634 100 60
635 219 160
636 248 60
637 85 0
638 158 180
639 179 200
640 388 70
641 333 300
642 6 80
643 181 60
644 215 370
645 119 60
646 139 80
647 12 150
648 103 40
649 308 240
650 214 200
651 43 20
652 91 620
653 263 290
654 267 270
655 341 290
656 108 200
657 154 480
658 356 60
659 132 120
660 316 240
661 12 30
662 47 20
663 357 100
664 171 270
665 252 60
666 297 60
667 164 391
668 373 40
669 81 100
671 104 180
672 250 60
673 66 170
674 197 20
675 11 300
676 14 220
677 68 330
678 162 290
679 143 490
680 236 140
681 18 0
682 298 210
683 175 162
684 208 130
685 337 100
686 37 80
687 101 240
688 304 310
689 237 130
690 97 20
691 191 190
692 77 260
693 204 80
694 308 80
695 285 140
696 70 80
697 55 180
698 225 60
699 212 80
700 167 60
701 50 20
702 200 440
703 259 380
704 232 350
705 264 70
706 89 0
707 63 290
708 234 90
709 375 260
710 357 370
711 361 60
712 76 40
713 28 290
714 344 360
715 20 420
716 20 70
717 384 40
718 31 120
720 251 40
721 231 200
722 204 130
723 47 80
724 342 550
725 179 180
726 289 280
727 141 40
728 267 310
730 322 40
731 52 300
732 88 300
733 306 20
734 222 20
735 341 350
736 332 281
737 106 290
738 165 80
739 11 200
740 205 280
741 130 80
742 222 100
744 361 450
745 335 400
746 180 400
747 249 60
748 234 120
749 139 180
750 55 380
751 287 80
752 41 60
753 262 80
754 344 260
755 242 240
756 258 160
757 158 0
758 56 150
759 386 70
760 388 60
761 351 320
762 249 120
763 283 150
764 116 121
765 237 80
766 228 180
767 92 290
768 64 430
769 219 80
770 390 80
771 339 130
772 175 40
773 36 80
774 210 40
775 71 160
776 179 40
777 276 80
778 274 80
780 374 60
781 86 250
782 23 350
783 379 0
784 86 110
785 49 120
786 207 450
787 47 30
788 164 41
789 392 430
790 130 250
791 4 80
792 379 180
793 103 270
794 189 370
795 176 80
796 123 170
797 374 130
798 41 0
799 321 200
800 268 251
801 328 120
802 98 420
803 372 300
804 213 20
805 70 180
806 325 80
807 216 80
808 136 240
809 362 170
810 84 60
811 8 180
812 84 150
813 132 20
814 232 150
815 53 120
816 117 320
817 268 110
818 193 90
819 67 70
820 219 240
821 201 180
822 12 210
823 20 60
824 376 40
825 5 100
826 172 200
827 68 120
828 139 60
829 17 180
830 386 330
831 137 260
832 199 170
833 236 20
834 65 270
835 172 100
836 213 60
837 211 120
838 41 40
839 138 170
840 102 110
841 360 300
842 222 170
843 101 380
844 349 90
845 337 30
846 43 80
847 46 131
848 229 350
849 23 130
850 269 60
851 254 40
852 115 60
853 389 90
854 161 190
855 18 210
856 355 0
857 14 40
858 264 0
860 163 20
861 53 260
862 118 470
863 135 180
864 266 80
865 263 450
866 124 60
867 339 0
868 251 280
869 394 80
870 300 0
871 113 80
872 339 440
873 314 60
874 236 190
875 66 80
876 323 360
877 55 280
878 54 130
879 341 60
881 5 320
882 178 80
883 287 140
884 88 81
885 258 240
886 4 230
887 380 390
888 192 370
889 311 240
890 293 80
891 10 140
892 340 90
893 364 130
894 80 310
895 42 80
897 116 311
898 59 80
899 71 60
900 206 210
