884
1 267 371
2 312 481
3 279 513
4 56 192
5 209 43
6 377 60
7 64 21
8 116 220
9 204 340
10 221 542
11 374 413
12 31 310
13 303 581
14 193 533
15 251 471
16 86 461
17 314 632
18 252 623
19 187 190
20 58 410
21 262 370
22 212 170
23 122 210
24 244 80
25 80 582
26 18 131
27 315 552
28 210 513
29 220 20
30 345 202
31 215 312
32 351 582
33 41 162
34 122 81
35 82 453
36 385 563
37 351 90
38 227 74
39 64 363
40 274 180
41 214 593
42 267 623
43 133 271
44 177 513
45 323 60
46 371 82
47 398 571
48 341 342
49 42 603
50 309 70
51 77 511
52 393 554
53 59 260
54 264 40
55 197 431
56 332 352
57 109 532
58 106 20
59 72 411
61 143 550
62 274 221
63 309 0
64 253 632
65 37 131
66 227 171
67 342 20
68 175 130
69 89 402
70 361 391
71 203 442
72 189 130
73 221 332
74 363 413
75 331 603
76 167 393
77 241 531
78 166 113
79 169 20
80 393 212
81 24 550
82 44 282
83 335 581
84 125 662
85 95 0
86 160 421
87 142 42
88 121 454
89 94 112
90 27 170
91 55 593
92 132 550
93 62 543
94 155 422
95 307 220
96 127 22
97 40 602
98 27 111
99 264 0
100 153 632
101 5 593
102 207 420
103 398 272
104 158 421
105 391 381
106 397 80
107 227 402
108 5 0
109 356 551
110 396 280
111 32 182
112 221 582
113 177 301
114 275 112
115 25 595
116 358 21
117 370 625
118 349 210
119 177 401
120 7 342
121 69 250
122 73 20
123 30 532
124 10 203
125 228 551
126 34 401
127 144 110
128 250 342
129 113 282
130 131 0
131 72 131
132 44 141
133 187 60
134 17 644
135 101 550
136 71 244
137 186 192
138 190 461
139 34 80
141 75 221
142 386 140
143 263 361
144 241 214
145 220 572
146 257 443
147 262 0
148 1 244
149 197 0
150 114 311
151 210 241
152 377 634
153 179 353
154 57 162
155 181 331
156 283 183
157 223 231
158 165 531
159 146 180
160 27 562
161 263 210
162 193 402
163 282 114
164 258 282
165 154 625
166 4 262
167 290 521
168 243 170
169 241 91
170 48 82
171 300 581
172 273 80
173 373 550
174 262 130
175 4 232
176 231 512
177 284 213
178 247 561
179 196 40
180 246 60
181 375 422
182 150 270
183 116 353
184 228 251
185 13 382
186 353 210
187 99 462
188 380 501
189 224 321
190 148 503
191 125 61
192 332 321
193 159 383
194 236 112
195 208 231
196 400 643
197 35 62
198 119 201
199 243 501
200 69 330
201 150 381
202 68 620
203 34 351
204 105 210
205 167 221
206 30 352
207 242 552
208 293 394
209 103 210
210 376 122
211 149 471
212 249 420
213 98 541
214 310 342
215 6 202
216 253 20
217 79 612
218 344 541
219 229 352
220 48 271
221 39 610
222 102 573
223 397 140
224 354 80
225 114 81
226 110 553
227 133 641
228 29 211
229 13 432
230 203 140
231 381 552
232 44 402
233 387 60
234 290 571
235 67 301
236 243 421
237 355 250
238 145 442
239 247 581
240 253 70
241 68 500
242 317 152
243 89 251
244 58 140
245 332 151
246 371 591
247 332 251
248 304 331
249 350 471
250 24 620
251 337 551
252 71 202
253 292 513
254 276 111
255 374 161
256 218 673
257 157 553
258 247 181
259 366 80
261 68 81
262 386 240
263 232 441
264 192 694
265 7 113
266 99 532
267 370 331
268 308 251
269 40 252
270 21 630
271 186 340
272 256 584
273 328 680
274 151 80
275 239 314
276 75 40
277 270 533
278 52 80
279 156 522
280 76 541
281 284 412
282 328 580
283 182 161
284 135 522
285 391 20
286 40 0
287 295 20
288 262 210
289 140 573
290 372 400
291 53 130
292 225 651
293 267 561
294 259 161
295 188 601
296 221 41
297 5 310
298 231 0
299 331 552
300 22 382
301 48 555
302 134 642
303 185 602
304 187 170
306 223 130
307 101 221
308 286 40
309 53 70
310 335 681
311 174 411
312 261 512
313 240 201
314 145 330
315 143 400
316 296 84
317 394 670
318 38 502
319 101 81
320 120 180
321 249 80
322 79 591
323 280 62
324 203 352
325 351 451
326 250 282
327 218 622
328 260 200
329 299 350
330 9 421
331 59 160
332 148 423
333 101 121
334 333 0
335 367 192
336 295 61
337 192 60
338 368 132
339 288 330
340 18 351
341 389 1
342 369 123
343 370 61
344 262 62
345 180 514
346 377 541
347 331 203
348 332 90
349 357 342
350 6 23
351 146 80
352 382 542
353 11 120
354 87 131
355 304 421
356 49 131
357 206 333
358 50 463
359 126 80
360 130 501
361 158 301
362 111 160
363 219 80
364 93 602
365 375 220
366 290 142
367 328 352
368 259 40
369 70 343
370 23 180
371 357 520
372 379 43
373 125 90
374 294 23
375 145 110
376 217 640
377 56 21
378 147 60
379 253 173
380 233 291
381 123 20
382 81 172
383 271 154
384 144 321
385 361 190
386 22 20
387 214 101
389 33 550
391 224 160
392 398 421
393 272 363
394 62 490
395 213 201
396 112 380
397 320 173
398 187 584
399 160 181
400 213 541
401 140 193
402 257 523
403 200 0
404 159 483
405 389 260
406 391 120
407 67 441
408 383 40
409 201 392
410 108 40
411 368 80
412 366 160
413 153 202
414 260 391
415 227 201
416 158 201
417 187 401
418 30 211
419 22 170
420 167 561
421 157 653
422 79 322
423 314 140
424 203 432
425 64 632
427 78 21
429 367 341
430 290 192
431 24 251
432 153 132
433 357 440
434 210 141
435 180 170
436 185 561
437 114 20
438 251 561
439 125 632
440 204 593
441 370 291
442 337 421
443 337 40
444 3 60
445 392 60
446 293 450
447 103 40
448 246 561
449 340 552
450 399 61
451 209 81
452 89 22
453 133 661
454 25 655
455 156 352
456 284 352
457 204 100
458 257 40
459 26 360
460 260 310
461 326 60
462 15 651
463 121 60
464 30 90
465 132 350
466 297 611
467 372 551
468 332 560
469 215 532
470 306 341
471 251 351
472 14 160
473 105 3
474 111 321
475 195 583
476 354 201
477 361 501
478 227 22
479 275 511
480 386 430
481 260 130
482 75 431
483 80 0
484 381 492
485 128 651
486 308 221
487 67 401
488 118 334
489 339 682
490 276 411
491 378 290
492 17 20
493 330 40
494 175 251
495 175 271
496 169 80
497 9 220
498 319 0
499 245 60
500 180 81
501 111 60
502 9 511
503 195 40
504 178 402
505 259 612
506 298 652
507 226 0
508 146 452
509 328 21
510 363 513
511 361 251
512 103 130
513 261 592
514 265 40
515 29 593
516 217 571
517 67 191
518 18 20
519 193 300
520 236 583
521 27 612
522 64 541
523 223 291
524 31 523
525 150 582
526 37 401
527 87 80
528 40 332
529 345 290
530 343 302
531 58 90
532 193 593
533 165 491
534 171 160
535 262 82
536 299 511
537 272 321
538 79 412
539 226 190
540 205 463
541 339 50
542 391 220
543 8 80
544 385 573
545 400 552
546 80 441
547 67 241
548 299 220
549 177 211
550 186 100
551 12 421
552 143 270
553 393 512
554 168 352
555 348 391
556 83 681
557 57 222
558 202 2
559 205 523
560 361 120
561 269 452
562 202 254
563 366 221
564 143 631
565 318 501
566 263 571
567 350 381
568 283 522
569 55 301
570 79 63
571 357 80
572 226 110
573 385 142
574 112 123
575 360 422
576 210 682
577 1 351
578 8 40
579 378 61
580 363 82
581 76 441
582 212 582
583 200 151
584 261 20
585 109 472
586 170 271
587 36 301
588 317 51
589 382 80
590 135 20
591 212 220
592 274 90
593 58 330
594 270 192
595 230 633
596 49 623
597 316 691
598 103 100
599 135 242
600 257 0
601 311 80
602 293 550
603 270 132
604 367 352
605 83 83
606 229 40
607 264 430
608 189 150
609 184 552
610 328 560
611 98 0
612 239 334
613 13 352
614 134 541
615 13 492
616 238 60
617 220 632
618 213 551
619 197 552
620 163 551
621 316 220
622 198 653
623 305 292
624 389 472
625 303 501
626 388 212
627 93 181
628 199 310
629 271 552
630 385 80
631 20 154
632 146 513
633 40 683
634 100 63
635 219 360
636 248 60
637 85 190
638 158 351
639 179 61
640 388 253
641 333 402
642 6 111
643 277 61
644 245 613
645 119 161
646 139 532
647 12 361
648 103 270
649 308 80
650 214 420
651 43 533
652 91 612
653 263 421
654 267 441
655 341 432
656 108 201
657 154 522
658 356 62
659 132 1
660 316 601
661 84 560
662 47 21
663 357 633
664 171 130
665 252 20
666 297 211
667 164 572
668 373 452
669 81 82
671 384 211
672 250 80
673 66 603
674 197 653
675 11 311
676 14 582
677 68 450
678 162 290
679 143 310
680 236 202
681 18 290
682 298 291
683 176 121
684 208 271
685 337 250
686 37 40
687 101 501
688 304 502
689 237 71
690 97 20
691 191 323
692 77 541
693 204 80
694 308 160
695 285 192
696 70 151
697 55 492
698 225 581
699 212 80
700 167 60
701 50 20
702 200 502
703 259 492
704 232 511
705 48 112
706 89 2
707 63 650
708 234 471
709 375 343
710 357 603
711 361 521
712 76 41
713 28 290
714 344 361
715 20 570
716 20 630
717 384 131
718 138 150
720 251 301
721 333 200
722 204 130
723 47 31
724 342 552
725 179 41
726 289 683
727 141 402
728 267 291
730 322 60
731 52 351
732 88 612
733 306 23
734 222 60
735 341 312
736 332 70
737 106 581
738 165 80
739 11 661
740 205 662
741 130 60
742 222 220
744 361 672
745 335 560
746 180 604
747 249 501
748 234 80
749 139 652
750 55 80
751 347 80
752 316 290
753 262 290
754 344 441
755 242 592
756 258 180
757 355 150
758 56 242
759 386 70
760 388 313
761 351 371
762 249 561
763 283 601
764 116 272
765 237 142
766 228 501
767 92 532
768 64 452
769 219 180
770 390 531
771 339 320
772 175 183
773 36 532
774 210 41
775 148 110
776 179 211
777 276 81
778 274 80
780 374 1
781 86 421
782 23 601
783 379 143
784 86 110
785 49 171
786 207 190
787 94 61
788 164 362
789 392 511
790 130 511
791 4 481
792 379 202
793 103 541
794 189 290
795 176 60
796 275 601
797 374 71
798 174 550
799 321 453
800 268 562
801 328 402
802 98 591
803 372 501
804 213 80
805 70 313
806 325 521
807 216 83
808 136 241
809 362 291
810 84 60
811 8 300
812 84 580
813 132 450
814 232 124
815 53 523
816 117 512
817 268 112
818 193 150
819 67 60
820 219 260
821 201 280
822 12 130
823 20 244
824 376 41
825 5 352
826 172 581
827 68 132
828 139 60
829 17 180
830 386 330
831 137 614
832 199 502
833 236 511
834 65 263
835 172 261
836 213 90
837 211 561
838 41 40
839 138 561
840 102 520
841 360 532
842 222 140
843 101 620
844 349 111
845 337 520
846 43 161
847 46 650
848 229 392
849 23 621
850 269 170
851 254 42
852 115 62
853 389 382
854 161 420
855 18 471
856 355 60
857 14 20
858 264 490
860 163 171
861 53 473
862 118 561
863 135 472
864 266 80
865 263 190
866 124 62
867 339 0
868 251 661
869 394 41
870 300 21
871 113 0
872 339 180
873 314 60
874 236 673
875 66 81
876 323 623
877 55 392
878 54 131
879 9 80
881 5 681
882 178 80
883 287 141
884 88 80
885 258 160
886 4 302
887 380 652
888 192 634
889 311 432
890 293 131
891 10 162
892 340 90
893 364 170
894 195 311
895 42 151
897 116 140
898 59 60
899 71 61
900 206 662
