100 489
1 21
1 46
1 65
1 68
1 71
1 74
1 80
2 5
2 17
2 21
2 65
2 68
2 79
2 89
2 93
3 13
3 20
3 36
3 41
3 62
3 67
4 31
4 51
4 53
4 82
4 92
4 97
4 100
5 11
5 15
5 20
5 37
5 38
5 47
5 48
5 55
5 80
5 87
6 15
6 28
6 40
6 64
6 78
6 80
6 89
6 91
6 99
7 11
7 77
7 80
7 91
7 97
8 11
8 20
8 33
8 37
8 44
8 45
8 46
8 48
8 69
8 76
8 77
9 18
9 28
9 30
9 31
9 37
9 44
9 57
9 68
9 97
9 98
10 15
10 31
10 36
10 37
10 45
10 56
10 61
10 69
10 73
11 15
11 36
11 44
11 58
11 61
11 67
11 68
11 70
11 72
11 77
11 81
11 82
11 84
12 34
12 55
12 78
12 93
13 29
13 33
13 61
13 71
13 86
13 99
14 33
14 51
14 52
14 73
14 77
14 80
14 85
15 34
15 43
15 44
15 52
15 55
15 57
15 60
15 72
15 98
16 22
16 26
16 43
16 46
16 61
16 70
16 75
16 82
16 83
17 20
17 31
17 69
17 72
17 73
17 83
17 90
17 94
18 29
18 56
18 59
18 61
18 64
18 71
18 97
19 25
19 44
19 53
19 67
19 78
19 98
20 44
20 49
20 71
20 78
20 82
20 91
20 96
21 25
21 39
21 60
21 90
22 29
22 36
22 42
22 51
22 55
22 76
22 79
22 81
22 90
22 91
22 92
23 31
23 40
23 43
23 56
23 61
23 65
23 74
23 77
23 82
23 86
23 89
23 97
23 98
24 33
24 48
24 52
25 40
25 49
25 52
25 56
25 71
25 72
25 83
25 92
26 33
26 48
26 54
26 76
26 79
26 89
27 38
27 54
27 57
27 62
27 64
27 66
27 72
27 85
27 95
27 100
28 37
28 40
28 46
28 52
28 61
28 68
28 73
29 43
29 48
29 59
29 64
29 83
30 37
30 38
30 50
30 68
30 73
30 76
31 39
31 40
31 45
31 47
31 59
31 60
31 61
31 72
31 73
31 84
31 100
32 35
32 39
32 43
32 57
32 67
32 76
32 88
33 35
33 43
33 46
33 52
33 53
33 54
33 60
33 72
33 84
34 55
34 68
34 95
35 45
35 49
35 50
35 52
35 63
35 66
35 67
35 76
35 77
35 94
36 37
36 49
36 63
36 64
36 67
36 77
36 88
36 90
37 43
37 44
37 54
37 66
37 83
37 91
37 93
37 97
37 98
38 39
38 46
38 59
38 78
38 81
38 85
38 90
39 41
39 44
39 48
39 59
39 62
39 63
39 68
39 69
39 75
39 80
39 83
39 86
39 89
39 95
40 59
40 93
40 94
40 96
41 49
41 60
41 68
41 94
41 97
42 44
42 45
42 49
42 51
42 67
42 77
42 82
42 85
43 54
43 62
43 82
43 96
44 48
44 53
44 68
44 71
44 76
44 88
45 52
45 56
45 68
45 73
45 93
45 100
46 53
46 56
46 64
46 74
46 81
46 89
46 96
46 98
46 99
46 100
47 68
47 74
47 82
47 88
47 91
48 49
48 75
48 85
48 89
48 94
48 95
48 100
49 51
49 52
49 63
49 64
49 66
49 72
49 79
49 89
50 69
50 81
50 89
51 55
51 76
51 99
52 67
52 68
52 79
53 56
53 94
54 62
54 79
54 86
54 90
55 60
55 61
55 67
55 78
55 80
55 85
55 87
55 88
55 98
56 63
56 67
56 69
57 78
57 81
57 86
57 87
58 62
58 71
58 90
59 62
59 64
60 69
60 89
60 93
61 63
61 70
61 82
61 95
61 96
61 98
62 64
62 65
62 66
62 94
63 71
63 74
63 90
64 67
64 88
64 100
65 72
65 82
65 89
66 76
66 80
66 94
66 97
66 100
67 81
67 82
67 90
68 71
68 72
68 78
68 82
69 79
69 86
70 84
70 91
71 91
72 78
72 79
72 80
72 86
73 79
73 88
73 92
74 92
75 80
76 77
76 90
76 91
76 97
76 99
77 94
78 85
80 85
80 100
81 84
81 97
82 89
83 92
83 98
84 86
84 89
84 94
84 100
85 87
86 91
86 92
87 88
87 94
87 100
88 90
89 94
91 94
91 97
92 99
93 100
95 99
95 100
97 98
59 97 50 50 87 43 6 4 74 37 22 18 52 82 74 6 72 65 69 1 19 71 95 23 7 29 57 12 82 49 11 55 46 94 4 77 29 78 78 7 92 76 76 32 43 32 82 3 17 59 45 12 65 13 59 66 83 78 27 92 69 77 28 38 62 9 26 14 68 69 27 4 31 47 10 82 94 61 76 70 58 27 91 18 72 72 98 51 89 16 61 94 94 20 6 99 78 71 51 48
20
0 41 21 6 44 17 36 3 8 10 30 8 34 30 1 20 6 18 20 46
478
1 10 79
1 2 13
1 3 9
1 20 12
2 3 95
2 6 7
2 7 92
2 13 25
2 14 87
3 20 20
3 2 26
3 12 52
3 13 21
3 15 12
3 17 41
4 14 27
4 1 5
4 3 75
4 4 24
4 7 60
4 10 47
4 11 60
4 19 57
5 18 30
5 2 35
5 4 20
5 5 41
5 7 72
6 2 54
6 4 27
6 20 3
7 14 47
7 2 82
7 4 4
7 11 63
7 15 41
7 20 29
8 6 80
8 3 62
8 9 81
8 11 31
8 17 87
8 19 16
9 4 39
9 14 29
9 18 98
9 19 90
9 20 49
10 16 13
10 3 79
10 10 33
11 11 38
11 5 49
11 15 14
12 11 33
13 8 47
13 1 52
13 4 45
13 5 75
13 12 86
13 14 13
13 17 60
13 20 85
14 20 24
14 9 59
14 17 87
14 18 29
15 8 7
15 1 39
15 11 83
15 18 53
16 15 36
16 2 46
16 4 69
16 6 45
17 5 96
17 7 44
17 9 74
17 17 55
17 19 33
18 8 99
18 2 54
18 3 7
18 5 7
18 6 47
18 7 92
18 11 34
18 15 65
19 16 50
19 18 9
20 12 68
20 2 47
20 4 99
20 10 33
21 5 71
21 2 21
21 7 35
21 12 23
21 13 71
21 14 36
21 15 35
21 17 87
21 20 31
22 7 2
22 3 94
22 9 98
22 13 54
22 15 1
22 18 89
22 19 63
23 7 13
23 1 24
23 2 31
23 8 76
23 11 90
23 20 17
24 8 56
24 7 25
24 12 33
25 17 28
25 4 42
25 10 83
25 20 28
26 3 83
26 11 67
26 20 99
27 9 16
27 1 68
27 2 31
27 5 95
27 7 24
27 8 96
27 17 95
27 18 8
28 5 95
28 3 74
28 6 98
28 8 41
28 14 88
28 18 46
29 9 11
29 1 87
29 2 70
29 7 80
29 13 58
30 11 8
30 3 57
30 8 42
30 17 76
30 19 74
31 3 22
31 5 32
31 7 78
31 13 24
32 6 49
32 16 87
32 19 72
33 19 99
33 1 2
33 3 22
33 9 80
33 10 33
33 18 100
34 10 58
34 3 14
34 4 97
34 14 73
35 14 1
35 11 85
36 14 25
36 3 35
36 13 73
36 15 86
36 18 23
37 13 7
37 4 32
37 10 36
38 18 52
38 4 8
38 5 96
38 13 10
39 18 96
39 1 92
39 13 75
39 20 96
40 10 65
40 2 51
40 4 64
40 8 61
40 9 74
40 12 10
40 13 36
40 16 59
40 18 5
41 6 91
41 3 62
41 14 15
41 16 11
41 19 94
41 20 22
42 10 99
42 7 44
42 9 18
42 16 38
42 17 43
43 17 19
43 4 50
43 14 70
43 18 95
44 4 87
44 9 23
44 11 90
44 18 35
45 13 76
45 6 53
45 9 51
45 10 32
45 12 58
45 14 44
45 15 86
46 7 93
46 8 61
46 13 4
46 18 12
47 10 49
47 12 81
47 16 57
47 20 100
48 7 81
48 11 35
48 13 34
48 20 62
49 3 43
49 2 68
49 6 6
49 9 84
49 12 75
49 18 17
50 6 80
50 4 39
50 8 27
50 18 90
50 20 51
51 3 34
51 7 13
51 10 88
51 16 56
52 10 96
52 5 94
52 19 68
53 2 48
53 7 59
53 8 21
53 9 79
54 12 18
54 2 73
54 8 54
54 15 18
54 16 25
55 10 45
55 1 76
55 19 64
56 12 71
56 3 94
56 4 36
56 10 70
56 11 8
56 15 60
57 1 100
57 17 99
57 20 94
58 9 74
58 2 68
58 10 29
58 17 37
59 4 77
59 2 54
59 7 97
59 9 75
59 11 84
59 14 28
59 16 53
60 16 2
60 1 16
60 5 84
60 6 35
60 8 14
60 18 24
61 10 82
61 2 11
61 3 66
61 6 87
61 8 98
62 5 52
62 2 60
62 4 80
62 10 3
63 10 35
63 5 84
63 7 93
63 8 34
63 9 5
63 15 94
63 19 69
64 6 79
64 9 93
64 17 8
65 20 94
65 7 21
65 9 96
65 13 6
66 16 94
66 2 18
66 8 47
66 11 23
66 14 24
66 18 50
67 18 69
67 3 80
67 5 19
67 6 32
67 8 59
67 9 89
67 10 21
67 19 47
68 17 37
68 14 15
68 19 99
69 6 71
69 7 56
69 8 24
69 14 63
69 19 41
70 15 67
70 6 60
70 11 74
70 16 37
70 20 93
71 5 8
71 1 89
71 15 92
72 18 77
72 2 68
72 3 27
72 5 7
72 14 70
72 17 53
72 20 56
73 18 7
73 13 39
73 14 89
73 17 40
73 19 10
74 15 41
74 2 15
74 5 75
74 9 63
74 11 81
74 17 73
75 16 25
75 2 77
75 6 76
75 9 52
75 10 81
75 15 34
75 19 46
76 9 24
76 3 94
76 7 40
76 12 19
76 16 13
76 18 34
77 9 15
77 2 51
77 4 22
77 8 43
78 9 90
78 12 61
78 17 47
79 10 7
79 19 54
80 5 43
80 1 56
80 2 79
80 3 29
80 6 44
80 14 89
80 17 70
81 8 19
81 5 29
81 10 81
81 14 61
81 16 74
81 17 41
81 19 58
82 6 72
82 1 72
82 7 60
82 10 28
83 18 56
83 11 17
84 5 95
84 1 76
84 15 26
84 17 61
85 19 25
85 4 73
85 10 40
85 11 7
85 20 8
86 4 79
86 6 51
86 13 50
87 17 16
87 1 42
87 2 24
87 4 79
87 9 58
87 11 32
88 13 20
88 6 40
88 11 1
88 12 13
89 19 61
89 4 54
89 7 40
89 14 95
89 16 63
90 14 98
90 1 84
91 14 12
91 1 70
91 8 70
91 16 8
91 18 13
92 12 68
92 4 60
92 5 86
92 10 6
92 16 34
92 19 4
93 3 22
93 5 28
93 14 77
93 18 12
94 3 14
94 1 82
94 7 33
94 11 13
94 13 22
94 18 54
95 14 85
95 4 23
95 15 99
95 19 95
95 20 44
96 10 97
96 9 41
96 12 35
96 18 51
97 5 61
97 11 41
97 15 43
97 18 90
98 13 72
98 6 85
98 10 94
98 11 77
98 16 10
99 20 45
99 3 16
99 4 62
99 6 5
100 13 37
100 7 17
100 15 57
100 17 74
100 18 79
