100
1 3 41
2 6 17
3 15 89
4 1 10
5 4 114
6 20 46
7 4 41
8 19 20
9 14 30
10 16 20
11 15 201
12 11 59
13 14 139
14 20 89
15 8 223
16 15 1
17 19 114
18 3 104
19 18 75
20 10 201
21 2 114
22 15 18
23 7 41
24 7 136
25 17 144
26 11 30
27 18 18
28 8 169
29 9 191
30 11 104
31 3 186
32 6 114
33 1 191
34 3 297
35 14 237
36 18 223
37 13 300
38 4 201
39 1 279
40 18 197
41 16 357
42 9 89
43 17 338
44 9 357
45 10 362
46 13 357
47 10 202
48 13 389
49 6 449
50 8 297
51 7 466
52 19 466
53 8 389
54 15 414
55 10 511
56 11 454
57 20 297
58 10 284
59 14 357
60 1 570
61 2 570
62 10 427
63 9 687
64 17 518
65 13 504
66 2 508
67 5 570
68 14 543
69 8 662
70 16 643
71 5 716
72 5 566
73 18 405
74 2 715
75 16 449
76 16 517
77 9 745
78 17 578
79 10 730
80 3 570
81 8 596
82 10 639
83 11 357
84 15 712
85 11 640
86 13 730
87 17 712
88 11 810
89 7 730
90 1 861
91 16 802
92 19 802
93 18 663
94 11 941
95 4 639
96 12 639
97 11 863
98 16 941
99 6 896
100 7 890
