980
1 84 260
2 393 290
3 42 350
4 385 430
5 80 120
6 365 680
7 398 400
8 25 130
9 320 60
10 160 240
11 273 290
12 302 660
13 222 80
14 376 100
15 333 620
16 45 250
17 124 180
18 266 190
19 77 630
20 388 60
21 58 300
22 151 500
23 185 600
24 136 420
25 200 80
26 107 80
27 259 120
28 214 280
29 100 210
30 251 390
31 264 700
32 80 410
33 274 120
34 119 320
35 137 280
36 59 250
37 26 180
38 90 260
39 180 430
40 5 60
41 156 150
42 37 270
43 226 140
44 59 170
45 29 150
46 351 180
47 188 350
48 289 420
49 203 350
50 369 280
51 22 40
52 267 80
53 45 330
54 319 440
55 161 390
56 162 690
57 14 430
58 299 90
59 269 640
60 91 90
61 354 280
63 358 130
64 303 60
65 343 530
66 231 460
67 221 180
68 388 470
69 208 680
70 107 550
71 251 580
72 91 80
73 140 80
74 22 340
75 381 470
76 143 80
77 250 40
78 347 260
79 155 610
80 213 80
81 128 60
82 83 80
83 362 690
84 374 130
85 384 420
86 127 670
87 108 150
88 384 350
89 140 540
90 23 200
91 32 20
92 385 240
93 288 630
94 221 100
95 370 260
96 307 460
97 194 700
98 133 190
99 378 250
100 326 310
101 123 350
102 316 690
103 249 80
104 94 520
105 49 240
106 315 80
107 284 60
108 270 410
109 96 350
110 257 430
111 214 700
112 240 60
113 65 60
114 110 750
115 156 660
116 330 130
117 40 250
118 248 250
119 343 310
120 248 160
121 68 270
122 25 260
123 54 330
124 93 240
125 106 730
126 288 700
127 94 330
128 121 430
129 171 40
130 336 650
131 137 420
132 234 580
133 332 380
134 122 190
135 20 690
136 312 320
137 58 690
138 119 270
139 33 470
140 31 710
141 271 700
142 308 200
143 381 410
144 399 250
145 345 360
146 263 120
147 270 150
148 127 280
149 314 130
150 162 370
151 66 60
152 72 80
153 340 270
154 140 490
155 51 550
156 40 460
157 192 170
158 327 260
159 124 270
160 216 340
161 21 390
162 348 80
163 297 40
164 357 540
165 224 240
166 211 690
167 382 230
168 284 140
169 360 80
170 385 160
171 322 280
172 155 540
173 8 330
174 297 130
175 43 120
176 75 120
177 392 90
178 265 180
179 49 80
180 238 740
181 142 630
182 233 370
183 34 130
184 53 270
185 224 80
186 393 580
187 322 550
188 150 740
189 50 450
190 343 370
191 190 80
192 164 80
193 199 140
194 345 80
195 158 290
196 37 170
197 204 280
198 313 140
199 183 170
200 342 320
201 193 450
202 178 130
203 231 230
204 74 560
205 62 580
206 364 90
207 371 680
208 106 190
209 107 300
210 45 310
211 140 270
212 291 230
213 206 640
214 133 660
215 181 430
216 365 600
217 318 220
219 290 740
220 371 370
221 330 680
223 167 340
224 292 420
225 311 80
226 264 80
227 141 80
228 10 80
229 69 160
230 363 450
231 289 410
232 110 370
233 99 130
234 57 370
235 254 700
236 25 360
237 123 80
238 314 290
239 269 340
240 230 570
241 278 470
242 313 340
243 216 480
244 184 230
245 244 290
246 13 400
247 262 650
248 160 700
250 227 450
251 234 260
253 281 640
254 90 90
255 99 370
256 104 80
257 66 690
258 7 60
259 339 230
260 246 230
261 85 670
262 67 250
263 43 170
264 121 670
265 287 660
266 9 330
267 68 500
268 32 90
269 238 120
270 16 300
271 7 370
272 383 670
273 96 140
274 230 80
275 151 90
276 198 670
277 72 530
278 50 690
279 19 240
280 324 70
281 23 550
282 99 240
283 179 330
284 64 170
285 346 40
286 339 600
287 40 120
288 314 640
289 306 90
290 333 150
291 93 140
292 156 210
293 140 330
294 55 580
295 295 310
296 197 350
297 93 360
298 269 150
299 247 140
300 356 450
301 180 220
302 342 150
303 315 490
304 55 210
305 9 120
306 112 640
307 212 550
308 79 290
309 284 570
310 149 80
311 368 330
312 367 420
313 168 60
314 324 300
315 204 520
316 34 320
317 20 630
318 179 140
319 326 160
320 375 670
321 328 320
322 258 180
323 71 280
324 93 340
325 101 380
326 103 140
327 122 600
328 58 180
329 128 660
330 274 180
331 261 660
332 99 80
333 19 320
334 259 110
335 171 180
336 319 600
337 87 320
338 321 100
339 304 110
340 8 450
341 165 250
342 183 680
343 16 460
344 48 430
345 357 40
346 228 210
347 309 620
348 391 170
349 203 120
350 147 110
351 12 550
352 309 750
353 238 490
354 338 660
355 178 210
356 221 550
357 288 730
358 326 40
359 31 80
360 170 590
361 94 490
362 64 570
363 364 60
364 84 160
365 118 90
366 387 120
368 220 240
369 344 120
370 182 350
371 231 60
372 298 530
373 104 560
374 138 160
375 206 660
376 167 80
377 265 300
378 283 140
379 90 170
380 319 350
381 358 700
382 365 80
383 267 420
384 35 80
385 4 240
386 60 160
387 119 490
388 97 670
389 294 670
390 103 530
391 207 80
392 231 330
393 141 540
394 106 60
395 294 270
397 213 240
398 368 230
399 393 170
400 165 100
401 272 690
402 294 710
403 344 220
404 32 340
405 271 210
406 141 320
407 166 180
408 136 170
409 91 600
410 125 80
411 8 170
412 54 150
413 248 290
414 393 200
415 244 80
416 39 170
417 293 330
418 320 400
419 321 160
420 232 80
421 357 110
422 400 410
424 109 490
425 210 440
426 96 450
427 370 220
428 261 20
429 250 290
430 90 480
431 83 410
432 318 100
433 86 690
434 153 680
435 325 80
436 126 650
437 265 290
438 185 530
439 218 710
440 183 230
441 208 210
442 206 690
443 265 430
444 295 160
445 256 60
446 333 440
447 195 510
448 248 470
449 86 640
450 112 60
451 212 210
452 6 600
453 65 160
454 68 730
455 258 80
456 250 570
457 123 120
458 221 80
459 103 470
460 165 640
461 36 530
462 90 40
463 73 340
464 199 710
465 267 170
466 264 390
467 62 80
468 308 500
470 258 550
471 11 80
472 74 120
473 162 660
474 34 230
475 326 140
476 45 450
477 19 160
478 240 250
479 276 140
480 306 40
481 24 210
482 280 340
483 269 350
484 202 80
485 154 20
486 263 260
487 323 160
488 358 80
490 26 370
491 83 200
492 309 160
493 371 430
494 2 80
495 322 340
496 332 120
497 361 750
498 391 270
499 137 40
500 295 390
501 81 680
502 363 730
503 321 70
504 54 600
505 172 530
507 322 180
508 69 300
509 327 270
510 383 160
511 174 230
512 53 720
513 394 80
514 100 160
515 282 80
516 208 490
517 325 170
518 96 580
519 9 160
520 6 300
521 202 390
522 207 290
523 49 750
524 257 480
525 96 680
526 154 80
527 277 280
528 217 320
529 224 200
530 112 180
531 202 660
532 242 0
533 24 330
534 351 320
535 372 120
536 223 20
537 314 330
538 159 750
539 193 220
540 260 130
541 57 80
542 240 20
543 124 110
544 243 450
545 168 300
546 8 80
547 99 650
548 217 90
549 396 730
550 159 340
551 335 750
552 174 160
553 33 570
555 347 100
556 125 350
557 10 200
558 169 330
559 337 620
560 362 80
561 273 20
562 128 230
563 195 80
564 55 500
565 290 40
566 26 60
567 225 470
568 29 350
569 376 750
570 254 600
571 325 180
572 74 80
573 248 120
574 79 710
575 350 490
576 197 680
577 115 430
578 318 80
579 111 60
580 213 170
581 70 0
582 338 210
583 14 320
584 346 730
585 27 350
586 373 290
587 318 740
588 259 200
589 373 390
590 31 230
591 130 500
592 258 470
593 83 720
594 397 560
595 90 390
596 166 120
597 247 700
598 252 530
599 307 110
600 247 310
601 247 390
602 216 260
603 305 540
604 107 410
605 86 410
606 276 80
607 357 600
608 358 280
609 97 320
610 254 80
611 2 280
612 144 80
613 326 540
614 102 370
615 203 390
616 5 140
617 377 150
618 382 180
619 186 80
620 214 150
621 127 260
622 146 340
623 150 120
624 327 430
625 33 110
626 252 230
627 27 690
628 270 710
629 268 40
630 114 80
631 228 130
632 270 430
633 399 190
634 338 80
635 122 720
636 132 730
637 387 550
638 179 460
639 195 170
640 248 720
641 397 410
642 4 340
643 107 440
644 296 270
645 200 690
646 203 200
647 338 140
648 170 270
649 257 340
650 331 150
651 50 130
652 262 750
653 340 110
654 319 510
655 157 450
656 400 300
657 263 350
658 218 210
659 82 130
660 33 80
662 217 510
663 72 240
664 232 160
665 49 160
666 174 440
667 249 610
668 193 80
669 278 360
670 385 40
671 260 580
672 78 610
673 164 730
674 159 260
675 39 740
676 187 20
677 319 660
678 295 80
679 259 240
680 74 150
681 171 90
682 54 80
683 45 410
684 24 480
685 237 710
686 45 670
687 10 140
688 185 260
689 322 80
690 78 240
691 378 640
692 60 390
693 294 410
694 281 60
695 71 140
696 295 350
697 91 390
698 107 200
699 198 270
700 382 280
701 319 160
702 131 60
703 55 440
704 278 410
705 338 600
706 238 210
707 137 320
708 106 310
709 329 550
711 139 80
712 341 80
713 34 490
714 264 60
715 107 690
716 112 160
717 350 80
718 1 290
719 104 190
720 375 580
721 116 60
722 324 220
723 140 630
724 138 420
725 381 330
726 241 280
727 288 310
728 282 700
729 243 640
730 308 410
731 107 150
732 169 420
733 131 340
734 217 570
735 279 290
736 129 620
737 89 60
738 100 410
739 65 180
740 277 170
741 84 60
742 80 250
743 110 40
744 189 430
745 289 330
746 54 540
747 271 330
748 248 40
749 159 80
750 13 340
751 369 600
752 92 220
753 127 180
754 370 90
755 364 120
756 279 670
757 397 80
758 264 210
759 73 120
760 238 340
761 121 490
762 261 230
763 128 410
764 23 370
765 365 90
766 164 270
768 224 120
769 129 80
770 109 40
771 187 620
772 221 470
773 293 660
774 94 80
775 283 160
776 173 80
777 193 330
778 268 310
779 244 390
780 188 260
781 223 140
782 175 60
783 351 400
784 306 270
785 227 350
786 276 470
787 13 230
788 108 80
789 349 80
790 3 90
791 271 150
792 313 150
793 281 710
794 236 240
795 127 500
796 75 260
797 331 430
798 127 420
799 41 740
800 53 170
801 392 120
802 11 480
803 217 140
804 177 720
805 211 110
806 60 90
807 14 660
808 278 640
809 252 320
810 195 60
811 394 210
812 146 750
813 2 400
814 220 290
815 213 660
816 181 150
817 109 350
818 243 60
819 138 270
820 296 340
821 365 190
822 91 40
823 329 470
824 227 270
825 120 520
826 110 220
827 385 640
828 240 550
829 236 340
830 99 680
831 340 60
832 296 190
833 237 670
834 363 80
835 256 540
836 180 490
837 203 220
838 383 570
839 288 400
840 225 90
841 188 450
842 65 530
843 74 190
844 142 60
845 353 310
846 267 240
847 390 120
849 322 430
850 377 80
851 306 570
852 119 100
853 16 660
854 88 340
855 178 640
856 48 450
857 179 240
858 58 40
859 130 60
860 210 380
861 190 450
862 17 80
863 312 210
864 379 660
865 142 180
866 102 700
867 313 230
868 121 740
869 228 310
871 345 490
872 396 150
873 32 621
874 103 80
875 338 260
876 248 520
877 177 20
878 389 690
879 74 660
880 184 310
881 394 343
882 229 80
883 324 730
884 82 170
885 268 360
886 204 450
887 374 660
888 242 80
889 274 310
890 72 180
891 216 440
892 77 500
893 208 90
894 138 150
895 394 270
896 329 350
897 76 90
898 34 40
899 171 250
900 298 390
901 114 410
902 378 520
903 20 150
904 340 180
905 267 521
906 168 510
907 70 730
909 226 80
910 143 340
911 283 680
912 9 230
913 3 150
914 230 140
915 343 570
916 124 80
917 164 160
918 175 180
919 136 520
920 142 450
921 293 100
922 302 330
923 189 360
924 329 430
925 134 250
926 393 640
927 6 0
928 141 620
929 291 420
930 289 90
931 61 320
932 33 260
933 399 410
934 389 130
935 147 80
936 192 320
937 34 420
938 316 100
939 131 160
940 35 580
941 247 80
942 238 60
943 96 490
944 93 530
945 342 230
946 280 621
947 152 210
948 63 250
949 237 370
950 2 180
951 70 260
952 3 380
953 147 630
954 191 140
955 56 670
956 384 170
957 17 350
958 236 180
959 137 180
960 99 460
961 337 490
962 259 550
963 117 130
964 240 340
965 343 130
966 88 260
967 56 40
968 272 340
969 174 80
971 72 700
973 32 240
974 23 310
975 372 350
976 171 140
977 18 180
978 303 710
979 383 190
980 308 660
981 277 80
982 190 660
983 200 640
984 187 460
985 214 240
986 369 150
987 125 460
988 217 410
989 16 20
990 26 270
991 60 530
992 156 280
993 200 340
994 382 80
995 170 500
996 351 620
997 264 250
998 275 40
999 190 130
1000 312 520
