980
1 84 540
2 393 370
3 42 451
4 385 500
5 80 340
6 365 571
7 398 400
8 25 180
9 320 60
10 160 471
11 273 632
12 302 651
13 222 81
14 376 80
15 333 660
16 45 250
17 124 220
18 266 671
19 77 591
20 388 341
21 340 280
22 151 470
23 185 630
24 136 581
25 200 40
26 143 181
27 259 80
28 241 471
29 100 370
30 251 670
31 264 480
32 80 510
33 274 80
34 119 260
35 137 391
36 199 170
37 26 480
38 90 580
39 180 602
40 5 60
41 156 150
42 37 260
43 226 200
44 59 170
45 92 220
46 351 290
47 290 270
48 289 400
49 203 690
50 369 371
51 22 20
52 267 131
53 45 260
54 319 441
55 161 401
56 162 531
57 14 530
58 299 90
59 269 591
60 91 40
61 354 371
63 358 592
64 303 0
65 343 281
66 231 670
67 221 130
68 388 580
69 208 400
70 107 550
71 251 580
72 91 270
73 140 60
74 22 140
75 381 570
76 143 40
77 250 40
78 347 300
79 155 60
80 213 80
81 128 270
82 83 80
83 362 280
84 374 700
85 384 330
86 127 450
87 108 130
88 384 110
89 140 390
90 23 200
91 32 520
92 385 441
93 288 390
94 221 30
95 370 260
96 307 530
97 194 311
98 133 150
99 378 200
100 326 260
101 123 480
102 316 40
103 249 20
104 391 360
105 49 500
106 315 690
107 284 391
108 270 721
109 96 350
110 257 600
111 214 700
112 387 210
113 65 250
114 110 40
115 156 661
116 330 221
117 40 200
118 248 200
119 343 590
120 248 40
121 68 580
122 25 341
123 54 441
124 93 510
125 106 720
126 288 721
127 94 380
128 121 530
129 171 0
130 336 571
131 137 371
132 234 610
133 332 361
134 122 660
135 20 650
136 312 650
137 58 530
138 119 320
139 33 380
140 31 621
141 271 671
142 308 140
143 381 510
144 399 300
145 345 191
146 263 150
147 270 150
148 127 290
149 314 130
150 162 371
151 130 40
152 72 80
153 340 270
154 140 660
155 293 580
156 40 562
157 192 470
158 327 431
159 124 160
160 216 521
161 21 200
162 348 80
163 297 440
164 357 610
165 224 270
166 211 661
167 382 350
168 284 60
169 360 80
170 385 421
171 322 340
172 319 300
173 8 661
174 297 531
175 43 510
176 75 350
177 392 531
178 265 180
179 49 20
180 238 451
181 142 460
182 233 370
183 34 471
184 53 580
185 224 240
186 393 491
187 322 280
188 150 690
189 50 372
190 343 360
191 190 170
192 164 260
193 199 280
194 345 80
195 158 580
196 37 170
197 204 411
198 313 190
199 183 190
200 342 660
201 193 450
202 178 460
203 231 431
204 74 200
205 62 470
206 364 80
207 371 590
208 106 240
209 107 280
210 45 340
211 140 320
212 291 480
213 206 720
214 133 640
215 181 530
216 365 440
217 318 380
219 290 130
220 371 440
221 330 611
223 167 340
224 292 490
225 311 0
226 264 40
227 141 440
228 10 310
229 69 140
230 363 180
231 289 541
232 110 80
233 99 40
234 57 620
235 254 610
236 25 530
237 123 150
238 314 230
239 269 380
240 230 390
241 278 460
242 313 340
243 347 571
244 184 430
245 244 621
246 13 680
247 262 350
248 160 531
250 227 521
251 234 270
253 281 640
254 90 90
255 99 420
256 104 111
257 66 60
258 7 60
259 339 480
260 246 271
261 85 571
262 67 231
263 43 500
264 260 680
265 287 480
266 9 230
267 68 500
268 32 20
269 238 130
270 16 520
271 7 490
272 383 460
273 96 221
274 230 80
275 151 171
276 198 420
277 72 660
278 50 301
279 19 280
280 324 70
281 23 291
282 99 250
283 179 320
284 64 290
285 346 201
286 339 650
287 40 290
288 314 360
289 306 90
290 333 171
291 93 500
292 156 460
293 140 380
294 55 441
295 295 671
296 197 470
297 93 440
298 269 360
299 247 120
300 356 580
301 180 130
302 342 200
303 315 590
304 55 531
305 9 270
306 112 630
307 212 230
308 79 240
309 284 321
310 149 80
311 368 330
312 367 551
313 168 81
314 324 240
315 204 80
316 34 371
317 20 471
318 179 220
319 326 140
320 375 680
321 328 240
322 258 351
323 71 560
324 93 300
325 101 450
326 103 411
327 122 580
328 58 140
329 128 660
330 274 550
331 261 330
332 99 130
333 19 200
334 259 270
335 171 140
336 319 670
337 87 431
338 321 390
339 304 441
340 8 611
341 165 250
342 183 581
343 16 650
344 48 540
345 357 371
346 228 110
347 309 520
348 391 220
349 203 280
350 147 80
351 12 500
352 309 510
353 238 441
354 338 561
355 178 420
356 221 460
357 288 691
358 326 40
359 31 80
360 170 532
361 94 600
362 64 240
363 364 110
364 84 270
365 118 140
366 387 120
368 220 420
369 344 351
370 182 400
371 231 60
372 298 510
373 104 280
374 138 60
375 206 571
376 167 391
377 265 570
378 283 421
379 90 490
380 390 370
381 358 562
382 365 280
383 267 490
384 35 601
385 4 370
386 60 310
387 119 660
388 97 480
389 294 541
390 320 530
391 207 260
392 231 130
393 141 200
394 106 0
395 294 371
397 213 240
398 368 230
399 393 721
400 165 100
401 272 601
402 294 321
403 344 201
404 32 450
405 271 581
406 141 130
407 166 230
408 136 501
409 91 190
410 125 562
411 98 170
412 54 370
413 248 540
414 393 290
415 244 60
416 39 170
417 293 441
418 320 390
419 321 110
420 232 80
421 357 161
422 400 460
424 109 480
425 210 491
426 96 530
427 370 180
428 261 20
429 250 210
430 90 470
431 83 580
432 318 100
433 86 543
434 153 531
435 325 170
436 126 462
437 265 560
438 185 700
439 218 350
440 183 180
441 208 150
442 206 170
443 265 490
444 295 80
445 256 60
446 333 570
447 195 500
448 248 490
449 86 480
450 112 40
451 212 160
452 6 591
453 65 230
454 68 690
455 258 480
456 250 371
457 123 60
458 221 110
459 103 470
460 167 651
461 36 481
462 90 40
463 73 501
464 199 270
465 267 420
466 264 380
467 62 80
468 308 680
470 258 450
471 11 80
472 74 70
473 162 730
474 34 40
475 326 651
476 45 560
477 19 360
478 240 480
479 276 220
480 306 40
481 24 150
482 280 170
483 269 340
484 202 410
485 154 171
486 263 371
487 323 120
488 358 532
490 26 460
491 83 200
492 309 340
493 371 500
494 2 541
495 322 400
496 332 171
497 361 110
498 391 200
499 137 290
500 295 521
501 81 220
502 363 411
503 321 380
504 54 591
505 172 361
507 322 180
508 69 370
509 327 270
510 383 651
511 174 582
512 53 700
513 394 80
514 100 671
515 377 150
516 375 600
517 325 160
518 96 570
519 9 160
520 6 411
521 202 310
522 207 220
523 49 490
524 257 510
525 96 670
526 154 101
527 277 170
528 217 510
529 224 200
530 112 580
531 202 532
532 242 0
533 24 560
534 351 130
535 372 510
536 223 20
537 314 430
538 159 521
539 193 532
540 260 180
541 175 20
542 240 0
543 124 481
544 243 370
545 168 640
546 8 221
547 99 360
548 217 490
549 396 651
550 159 371
551 335 730
552 174 511
553 33 480
555 347 200
556 125 490
557 10 280
558 169 560
559 337 620
560 362 80
561 273 20
562 398 131
563 195 190
564 55 260
565 290 40
566 26 60
567 225 670
568 29 300
569 376 680
570 254 550
571 325 80
572 74 40
573 321 130
574 79 570
575 350 480
576 197 130
577 115 260
578 318 80
579 180 20
580 213 170
581 70 0
582 338 220
583 14 490
584 346 661
585 27 641
586 373 290
587 318 682
588 259 210
589 373 230
590 31 230
591 130 490
592 258 541
593 83 520
594 397 561
595 339 521
596 166 170
597 247 591
598 252 560
599 307 380
600 247 581
601 247 531
602 216 160
603 305 540
604 107 270
605 86 390
606 276 80
607 357 680
608 358 442
609 97 320
610 254 80
611 2 270
612 144 80
613 326 551
614 102 311
615 203 610
616 5 270
617 377 110
618 382 320
619 186 80
620 214 330
621 127 540
622 146 580
623 150 120
624 327 670
625 33 80
626 252 470
627 27 591
628 270 671
629 268 40
630 114 541
631 228 300
632 270 380
633 399 240
634 338 130
635 122 280
636 132 452
637 387 530
638 179 560
639 195 170
640 248 450
641 397 410
642 4 290
643 107 470
644 296 280
645 200 730
646 203 470
647 338 80
648 170 310
649 257 340
650 331 340
651 50 130
652 262 661
653 340 60
654 319 230
655 157 620
656 400 130
657 263 481
658 218 330
659 82 270
660 279 540
662 217 430
663 72 471
664 232 160
665 49 110
666 174 392
667 249 601
668 193 472
669 278 720
670 385 0
671 260 480
672 78 340
673 164 650
674 159 351
675 39 611
676 187 20
677 319 580
678 295 591
679 259 621
680 74 0
681 171 310
682 54 80
683 45 410
684 24 480
685 237 520
686 45 360
687 397 80
688 185 230
689 322 80
690 78 360
691 378 481
692 60 682
693 294 480
694 281 110
695 71 140
696 295 270
697 91 530
698 107 190
699 198 320
700 382 280
701 319 160
702 131 160
703 55 391
704 278 660
705 338 501
706 238 40
707 137 200
708 334 441
709 329 580
711 139 80
712 341 131
713 34 290
714 264 370
715 107 400
716 112 230
717 350 60
718 1 530
719 104 561
720 375 500
721 116 141
722 394 560
723 140 620
724 138 480
725 381 280
726 241 371
727 288 350
728 282 700
729 243 591
730 308 620
731 107 150
732 169 530
733 131 560
734 217 630
735 279 530
736 129 191
737 89 60
738 100 600
739 274 140
740 277 500
741 84 440
742 80 250
743 110 230
744 189 271
745 289 360
746 54 531
747 271 481
748 248 130
749 159 60
750 13 240
751 369 451
752 92 180
753 127 370
754 370 60
755 365 22
756 371 661
757 397 301
758 264 350
759 73 310
760 312 240
761 121 420
762 261 250
763 128 230
764 23 650
765 365 520
766 164 230
768 224 120
769 129 121
770 173 90
771 187 640
772 221 440
773 293 341
774 94 20
775 283 171
776 173 80
777 193 331
778 268 580
779 244 330
780 188 260
781 223 140
782 175 60
783 351 652
784 306 270
785 227 481
786 276 580
787 230 310
788 108 60
789 349 40
790 3 160
791 271 200
792 313 531
793 281 60
794 236 580
795 127 641
796 75 310
797 331 700
798 127 581
799 41 641
800 53 170
801 392 491
802 11 480
803 217 370
804 177 20
805 211 510
806 60 360
807 14 371
808 278 620
809 252 370
810 195 60
811 394 400
812 146 570
813 182 350
814 220 360
815 318 611
816 181 321
817 109 350
818 243 60
819 138 440
820 296 250
821 365 260
822 221 20
823 329 500
824 227 320
825 120 540
826 110 180
827 385 391
828 292 680
829 236 540
830 99 340
831 340 220
832 296 170
833 237 480
834 363 40
835 382 371
836 180 560
837 203 220
838 383 580
839 288 280
840 225 491
841 188 620
842 65 480
843 74 190
844 142 160
845 353 441
846 267 240
847 390 120
849 322 620
850 377 270
851 306 360
852 119 130
853 16 420
854 88 661
855 178 400
856 48 510
857 179 130
858 58 40
859 130 110
860 210 360
861 288 400
862 17 20
863 312 110
864 379 480
865 142 130
866 360 631
867 313 501
868 121 590
869 228 260
871 345 470
872 396 150
873 32 380
874 103 80
875 338 210
876 248 390
877 177 391
878 389 140
879 74 650
880 184 390
881 394 350
882 229 60
883 324 191
884 82 130
885 268 560
886 204 630
887 374 600
888 242 60
889 274 480
890 72 180
891 216 440
892 77 490
893 208 210
894 138 150
895 394 310
896 329 420
897 76 90
898 34 130
899 171 210
900 298 490
901 114 220
902 378 690
903 20 170
904 340 130
905 267 350
906 168 400
907 70 552
909 226 0
910 143 390
911 283 580
912 9 60
913 3 100
914 230 140
915 343 650
916 124 80
917 164 160
918 175 461
919 136 480
920 142 450
921 293 100
922 302 470
923 189 630
924 329 380
925 134 301
926 393 651
927 6 0
928 141 540
929 291 530
930 289 90
931 61 561
932 33 160
933 399 510
934 389 90
935 147 550
936 192 440
937 34 220
938 316 110
939 131 60
940 35 581
941 247 80
942 238 220
943 96 460
944 93 480
945 342 280
946 280 470
947 152 151
948 63 200
949 237 460
950 2 441
951 70 361
952 79 540
953 147 510
954 191 140
955 56 580
956 384 180
957 17 310
958 236 510
959 137 180
960 99 180
961 337 590
962 259 531
963 117 110
964 314 270
965 343 520
966 88 220
967 56 141
968 272 400
969 174 80
971 72 530
973 32 350
974 23 140
975 372 490
976 171 200
977 18 440
978 303 560
979 383 80
980 308 570
981 277 80
982 190 431
983 200 390
984 187 560
985 214 290
986 369 150
987 125 460
988 217 270
989 16 20
990 26 310
991 60 600
992 156 370
993 200 290
994 382 71
995 170 670
996 351 531
997 264 280
998 275 40
999 190 130
1000 312 550
