500 2464
1 11
1 46
1 74
1 92
1 114
1 269
1 361
1 372
1 406
1 408
1 411
1 429
1 443
1 468
2 57
2 190
2 205
2 209
2 237
2 304
2 311
2 376
2 399
2 401
2 474
3 45
3 73
3 144
3 172
3 222
3 237
3 251
3 303
3 350
3 488
4 49
4 86
4 444
4 448
4 489
5 24
5 30
5 113
5 176
5 385
5 395
5 429
5 435
6 26
6 53
6 77
6 85
6 121
6 161
6 210
6 275
6 291
6 309
7 56
7 81
7 86
7 212
7 288
7 319
7 333
7 346
7 355
7 440
7 473
7 483
8 59
8 61
8 67
8 217
8 242
8 282
8 293
8 322
8 372
8 489
8 493
8 495
9 33
9 75
9 116
9 284
9 310
9 343
9 347
9 413
9 500
10 31
10 104
10 122
10 172
10 271
10 308
10 392
10 458
10 495
11 70
11 178
11 196
11 336
11 439
11 467
12 44
12 71
12 189
12 271
12 338
12 364
12 451
12 470
12 498
13 48
13 122
13 147
13 158
13 225
13 266
13 346
13 439
14 50
14 127
14 148
14 173
14 176
14 178
14 187
14 225
14 249
14 412
14 477
14 496
15 24
15 133
15 160
15 317
15 409
15 440
15 465
16 42
16 55
16 234
16 268
16 340
16 378
16 391
17 81
17 94
17 136
17 162
17 222
17 281
17 355
17 396
17 492
18 79
18 121
18 138
18 140
18 210
18 302
18 338
18 355
18 403
18 431
19 59
19 153
19 205
19 236
19 273
19 278
19 338
19 464
20 99
20 165
20 251
20 253
20 269
20 357
20 495
21 31
21 68
21 83
21 122
21 138
21 163
21 164
21 234
21 357
21 386
22 46
22 64
22 122
22 176
22 184
22 250
22 280
22 299
22 308
22 370
22 496
23 85
23 248
23 256
23 264
23 294
23 296
23 328
23 344
23 452
24 39
24 133
24 136
24 241
24 284
24 333
24 367
24 459
25 41
25 79
25 118
25 179
25 201
25 210
25 244
25 256
25 329
25 359
25 393
25 407
25 422
25 480
26 49
26 67
26 273
26 481
27 131
27 155
27 291
27 299
27 308
27 312
27 372
27 376
27 398
27 405
27 465
28 84
28 248
28 302
28 312
28 335
28 375
29 48
29 59
29 81
29 96
29 133
29 167
29 177
29 217
29 262
29 275
29 288
29 320
29 343
29 486
29 496
30 34
30 59
30 174
30 205
30 280
30 347
30 357
30 400
30 405
30 453
31 71
31 124
31 185
31 188
31 218
31 223
31 233
31 264
31 265
31 266
31 305
31 331
31 402
31 428
32 81
32 91
32 105
32 160
32 186
32 195
32 274
32 289
32 301
32 376
32 411
32 459
33 94
33 129
33 196
33 204
33 268
33 340
33 341
33 401
33 476
34 46
34 200
34 239
34 241
34 245
34 250
34 337
34 423
35 116
35 183
35 185
35 272
35 329
35 340
35 352
35 394
35 414
35 466
36 127
36 192
36 234
36 276
36 292
36 296
36 309
36 340
36 494
37 124
37 152
37 209
37 211
37 238
38 46
38 212
38 235
38 320
38 336
38 372
38 403
38 410
38 442
38 467
38 478
39 110
39 259
39 268
39 350
39 400
40 65
40 74
40 251
40 340
40 361
40 364
40 395
40 402
40 482
41 44
41 97
41 126
41 129
41 158
41 191
41 206
41 284
41 299
41 415
41 444
42 109
42 116
42 124
42 179
42 228
42 244
42 322
42 370
42 379
42 443
42 445
42 469
42 470
43 54
43 60
43 94
43 173
43 177
43 370
43 485
44 63
44 93
44 96
44 127
44 148
44 158
44 189
44 277
44 307
44 394
45 152
45 161
45 164
45 405
46 99
46 105
46 170
46 349
46 441
46 465
46 474
47 93
47 166
47 168
47 186
47 438
47 467
48 130
48 178
48 186
48 207
48 371
48 403
48 467
49 249
49 376
49 386
49 393
49 445
49 451
50 90
50 139
50 165
50 180
50 222
50 223
50 295
50 444
51 58
51 119
51 253
51 273
51 345
51 372
51 448
51 473
51 478
52 86
52 136
52 171
52 252
52 269
52 287
52 321
52 323
52 375
52 496
53 133
53 192
53 251
53 291
53 330
53 397
53 412
53 432
53 437
53 460
53 461
53 488
54 74
54 96
54 137
54 241
54 256
54 288
54 330
54 371
54 402
55 107
55 156
55 217
56 96
56 145
56 200
56 211
56 240
56 259
56 309
56 339
56 357
57 189
57 197
57 273
57 357
57 360
57 428
57 449
58 61
58 121
58 195
58 217
58 277
58 281
58 331
58 356
58 378
58 379
58 499
59 225
59 247
59 271
59 277
59 393
59 429
59 473
60 82
60 98
60 499
61 65
61 79
61 128
61 134
61 149
61 208
61 259
61 346
61 400
61 441
61 455
61 462
62 65
62 180
62 203
62 216
62 266
62 298
62 357
62 434
62 456
62 493
63 134
63 238
63 278
63 371
63 383
63 418
64 75
64 145
64 147
64 289
64 292
64 316
64 320
64 420
64 421
64 491
65 66
65 84
65 87
65 207
65 278
65 315
65 320
65 452
66 104
66 131
66 166
66 217
66 238
66 333
66 341
66 384
66 410
66 414
66 451
66 460
66 467
67 82
67 105
67 166
67 179
67 341
67 342
67 363
67 437
67 451
67 478
68 69
68 145
68 278
68 384
68 403
68 448
68 492
69 182
69 185
69 195
69 237
69 252
69 331
69 424
70 128
70 367
70 374
70 417
70 450
70 466
70 493
71 98
71 100
71 111
71 184
71 242
71 332
71 339
71 366
71 486
72 142
72 197
72 204
72 228
72 238
72 357
72 377
72 412
72 435
73 74
73 87
73 116
73 172
73 273
73 281
73 363
73 372
73 374
73 402
73 482
74 177
74 194
74 299
74 379
74 440
74 444
74 462
74 473
74 489
75 83
75 171
75 361
75 403
75 425
75 485
76 154
76 174
76 274
76 297
76 338
76 407
76 414
76 429
77 179
77 249
77 271
77 358
77 407
77 450
77 454
78 93
78 116
78 146
78 154
78 185
78 266
78 340
78 396
78 422
78 461
78 477
79 115
79 131
79 157
79 402
79 409
79 411
80 369
80 371
80 452
81 90
81 104
81 199
81 212
81 220
81 234
81 242
81 317
81 352
81 447
81 492
81 498
82 254
82 287
82 304
82 371
82 381
82 411
82 456
83 104
83 148
83 177
83 195
83 222
83 268
83 273
83 344
83 366
83 439
83 500
84 89
84 101
84 126
84 171
84 196
84 260
84 261
84 262
84 331
84 423
84 430
85 165
85 183
85 195
85 259
85 261
85 271
85 287
85 418
85 433
86 131
86 135
86 173
86 177
86 222
86 229
86 291
86 352
86 395
86 412
86 428
87 108
87 191
87 278
87 447
87 449
87 497
88 190
88 195
88 213
88 330
88 416
88 489
89 95
89 144
89 164
89 222
89 226
89 258
89 357
89 446
89 461
89 485
90 104
90 181
90 194
90 197
90 231
90 253
90 276
90 459
90 494
91 225
91 290
91 360
91 402
91 483
92 114
92 203
92 342
92 352
92 364
92 367
92 409
92 412
92 420
92 429
93 117
93 174
93 304
93 317
93 345
93 354
93 398
93 480
94 98
94 105
94 121
94 122
94 207
94 302
94 397
94 444
94 474
94 481
95 98
95 169
95 185
95 202
95 225
95 261
95 266
95 298
95 299
95 337
95 405
95 410
95 487
96 124
96 137
96 199
96 239
96 360
96 460
97 177
97 261
97 323
97 390
97 400
97 432
97 467
97 477
97 497
98 119
98 146
98 177
98 201
98 235
98 282
98 313
98 377
99 105
99 112
99 132
99 225
99 233
99 308
99 317
99 474
100 124
100 274
100 343
100 378
101 109
101 123
101 168
101 171
101 236
101 259
101 295
101 332
101 427
101 461
102 251
102 434
102 438
102 493
103 110
103 114
103 116
103 157
103 249
103 265
103 266
103 295
103 329
103 424
103 426
103 427
103 492
104 127
104 152
104 175
104 260
104 343
104 364
104 413
104 468
104 481
105 152
105 205
105 230
105 234
105 320
105 333
105 358
105 461
105 467
106 190
106 322
106 465
107 119
107 165
107 185
107 229
107 370
107 382
107 453
107 474
108 110
108 180
108 218
108 221
108 243
108 305
108 324
108 354
108 412
108 429
108 448
108 498
109 117
109 240
109 283
109 392
109 410
109 412
109 416
110 168
110 189
110 256
110 306
110 327
110 366
110 423
110 432
110 469
111 146
111 222
111 261
111 393
111 450
112 245
112 265
112 297
112 315
112 352
112 380
112 421
112 423
112 459
112 494
113 121
113 137
113 309
113 319
113 385
113 398
113 482
113 486
114 183
114 202
114 299
114 319
114 327
114 331
114 335
114 348
114 358
114 368
114 410
114 482
115 199
115 217
115 244
115 354
115 356
115 411
115 435
115 438
115 481
116 120
116 162
116 175
116 232
116 322
116 369
116 425
116 429
116 474
116 491
117 208
117 256
117 265
117 313
117 398
118 285
118 302
118 312
118 315
118 328
118 333
119 158
119 191
119 276
119 372
119 401
119 413
119 417
119 453
120 149
120 203
120 234
120 263
120 269
120 271
120 279
120 287
120 288
120 323
120 337
120 365
120 404
120 417
121 147
121 161
121 283
121 301
121 368
121 375
122 150
122 212
122 268
122 287
122 343
122 352
122 377
122 425
122 470
122 471
122 487
123 138
123 166
123 171
123 223
123 233
123 261
123 340
123 348
124 159
124 221
124 249
124 264
124 278
124 292
124 313
124 336
124 416
124 475
125 153
125 187
125 232
125 255
125 262
125 280
125 312
125 322
125 349
125 355
125 388
125 448
125 476
125 486
126 130
126 187
126 224
126 264
126 306
126 363
126 409
126 440
126 446
126 468
127 153
127 253
127 288
127 295
127 342
127 476
128 261
128 336
128 350
128 362
128 411
128 420
128 429
129 149
129 155
129 169
129 171
129 208
129 258
129 401
130 197
130 252
130 275
130 350
130 469
130 474
131 186
131 244
131 250
131 287
131 296
131 326
131 351
131 388
132 227
132 234
132 243
132 256
132 371
133 138
133 236
133 346
133 358
133 364
133 391
133 414
133 454
133 480
133 500
134 140
134 181
134 199
134 236
134 240
134 337
134 351
135 276
135 294
135 304
135 320
135 330
135 345
135 402
135 413
135 447
135 454
136 200
136 295
136 331
136 340
136 381
136 456
136 494
137 150
137 280
138 155
138 156
138 286
138 291
138 328
138 467
139 219
139 278
139 284
139 327
139 389
139 499
140 142
140 156
140 169
140 194
140 212
140 227
140 281
140 287
140 349
140 388
141 167
141 245
141 285
141 294
141 331
141 370
141 389
141 464
142 169
142 176
142 207
142 245
142 261
142 262
142 273
142 354
142 359
142 371
142 423
142 454
143 196
143 225
143 274
143 280
143 287
143 316
143 321
143 351
143 358
143 445
144 192
144 214
144 231
144 318
144 398
144 403
144 499
145 179
145 242
145 296
145 304
145 359
145 433
146 156
146 158
146 217
146 249
146 290
146 291
146 318
146 337
146 360
146 406
146 494
147 173
147 176
147 184
147 200
147 206
147 214
147 238
147 350
147 371
147 409
147 447
147 477
147 490
148 250
148 252
148 281
148 309
148 342
148 378
148 418
148 429
148 456
149 227
149 254
149 352
149 446
150 155
150 184
150 203
150 361
150 406
150 473
151 159
151 207
151 235
151 266
151 286
151 372
151 410
151 433
152 191
152 316
152 423
152 472
153 168
153 219
153 245
153 263
153 272
153 307
153 325
153 368
153 475
154 359
154 371
154 393
154 470
154 493
154 496
155 162
155 195
155 211
155 271
155 344
155 377
155 458
155 494
156 216
156 320
156 323
156 376
156 448
157 176
157 242
157 292
157 370
157 379
157 386
157 424
157 491
158 161
158 185
158 248
158 254
158 275
158 341
158 384
158 473
158 500
159 325
159 372
159 386
159 439
159 464
159 466
159 478
160 207
160 257
160 361
160 376
160 468
160 481
160 488
161 176
161 211
161 238
161 268
161 358
162 252
162 274
162 280
162 292
162 406
163 171
163 205
163 251
163 256
163 259
163 292
163 374
163 411
164 181
164 186
164 222
164 296
164 314
164 368
164 394
164 413
165 181
165 207
165 211
165 339
166 227
166 280
166 376
166 448
167 283
167 336
167 365
167 467
168 266
168 315
168 373
168 386
168 426
169 170
169 207
169 214
169 248
169 362
169 455
169 491
170 407
170 432
171 208
171 214
171 258
171 452
172 203
172 262
172 279
172 377
173 198
173 231
173 274
173 307
173 315
173 345
173 406
173 416
173 434
173 445
173 494
174 184
174 264
174 345
174 459
175 227
175 290
175 321
175 330
175 381
175 385
175 446
175 490
176 194
176 301
176 323
176 334
176 372
176 403
176 465
176 496
177 286
177 306
177 313
177 328
177 348
177 418
177 431
178 237
178 238
178 299
178 316
178 330
178 455
179 248
179 290
179 318
179 391
179 393
179 401
179 475
180 246
180 296
180 331
180 396
180 447
180 500
181 427
181 432
181 438
182 183
182 375
182 416
183 185
183 253
183 257
183 274
183 283
183 300
183 392
183 394
183 403
183 455
183 456
184 206
184 207
184 236
184 372
184 416
185 245
185 260
185 455
185 469
186 193
186 205
186 273
186 283
186 291
186 319
186 402
186 460
187 342
187 415
187 491
187 496
188 227
188 345
188 355
188 429
188 471
188 483
189 191
189 249
189 258
189 318
189 333
189 492
189 499
190 286
190 289
190 329
190 356
190 361
190 420
191 201
191 334
191 358
191 456
192 245
192 314
192 360
192 444
192 466
192 477
193 208
193 251
193 302
193 303
193 316
193 412
193 448
194 212
194 247
194 284
194 297
194 367
194 372
194 375
194 383
195 234
195 319
195 320
195 333
195 425
196 202
196 219
196 255
196 304
196 457
197 221
197 258
197 295
197 318
197 326
197 332
197 334
197 335
197 438
198 201
198 212
198 367
198 395
198 396
198 464
199 201
199 216
199 289
199 297
199 369
199 377
199 397
199 453
199 482
200 222
200 285
200 290
200 311
200 351
200 367
200 381
200 430
200 462
201 220
201 238
201 240
201 351
201 365
201 391
202 300
202 324
202 349
202 398
203 248
203 318
203 319
203 331
203 372
203 389
203 413
203 449
203 454
204 206
204 349
204 365
204 404
204 440
205 234
205 288
205 437
206 231
206 251
206 291
206 293
207 259
207 350
207 360
207 385
207 403
207 428
207 444
207 469
207 482
208 213
208 237
208 288
208 310
208 366
208 382
208 399
208 449
209 256
209 257
209 293
209 368
209 466
210 321
210 322
210 382
210 414
210 489
211 283
211 364
211 403
212 271
212 327
212 382
212 467
213 277
213 318
213 447
213 455
213 494
214 271
214 299
214 301
214 349
214 401
214 441
214 458
215 254
215 407
215 432
215 487
215 492
215 496
216 307
216 382
216 391
216 412
216 418
216 434
216 476
217 384
217 428
217 477
217 481
218 237
218 256
218 272
218 295
218 380
218 407
218 450
219 227
219 312
219 340
219 444
219 478
220 270
220 368
220 391
220 402
220 406
220 409
220 442
220 495
221 234
221 235
221 271
221 346
221 381
221 442
221 456
221 477
222 229
222 238
222 260
222 281
222 340
222 371
222 383
222 420
222 435
223 246
223 322
223 388
224 237
224 245
224 274
224 350
224 356
225 248
225 429
225 471
225 490
226 316
226 380
226 409
226 412
226 488
226 490
227 288
228 354
228 357
228 400
228 435
228 469
228 494
229 252
229 296
229 343
229 357
229 464
230 352
230 397
230 439
230 478
231 302
231 362
231 439
233 320
233 354
233 382
234 323
234 479
235 265
235 300
235 305
235 334
235 344
235 439
235 443
235 444
236 242
236 470
237 351
237 395
237 434
237 485
238 239
238 264
238 288
238 351
238 367
238 371
238 488
239 443
239 468
240 353
240 436
241 283
241 379
241 398
241 418
241 479
241 483
242 267
242 307
242 359
243 277
243 286
243 369
243 379
244 273
244 288
244 359
244 392
244 397
244 402
244 464
245 247
245 287
245 356
245 417
245 420
245 442
246 296
246 345
246 359
246 377
246 433
246 435
246 475
247 324
247 338
247 350
247 365
247 368
247 370
247 427
247 450
247 470
248 315
248 345
248 347
248 366
248 373
248 379
248 440
248 493
249 260
249 305
249 349
249 351
249 455
249 468
250 264
250 276
250 339
250 407
250 460
251 304
251 359
252 322
252 386
252 419
252 435
252 475
253 284
253 362
253 382
253 407
254 379
254 384
255 367
255 397
256 338
256 344
256 356
256 397
256 417
256 431
256 462
256 480
256 491
257 315
257 382
257 402
257 408
257 416
257 452
257 461
257 497
258 304
258 311
258 340
258 373
258 375
258 384
258 439
259 322
259 334
259 395
259 493
259 494
260 271
260 488
261 316
261 428
261 450
262 286
262 296
262 360
262 368
262 384
262 389
262 401
262 453
262 466
262 482
263 266
263 280
263 308
263 351
263 354
263 434
263 436
264 272
264 302
264 374
264 441
264 465
265 294
265 402
265 429
265 466
265 475
266 267
266 395
266 496
267 415
267 468
267 478
267 484
268 273
268 278
268 283
268 370
268 437
268 452
269 376
269 390
269 402
269 424
269 430
269 489
270 280
270 285
270 307
270 361
270 397
270 415
270 419
270 436
271 322
271 347
271 352
271 365
271 410
271 422
271 438
271 445
271 489
272 367
272 372
272 398
272 477
272 491
273 282
273 288
273 364
273 394
273 467
273 479
274 286
274 341
274 451
274 473
275 318
275 324
276 283
276 342
276 358
276 392
277 304
277 331
277 343
277 385
278 304
278 312
278 340
278 381
278 409
278 430
278 441
279 294
279 297
280 320
280 357
280 411
280 442
280 481
281 362
281 366
281 397
281 458
281 474
281 478
281 498
282 303
282 318
282 375
282 434
282 462
283 292
283 301
283 307
283 311
283 498
284 330
284 433
284 459
284 464
284 474
285 308
285 371
285 378
285 460
285 477
286 500
287 289
287 341
287 431
287 473
287 476
287 481
288 315
288 418
288 444
289 322
289 379
289 400
289 405
289 409
289 443
290 449
291 304
291 316
291 333
291 346
291 370
291 385
291 417
291 474
292 308
292 366
292 392
292 405
292 417
292 469
292 479
292 480
293 305
293 380
293 429
293 433
293 463
294 401
294 427
294 452
294 469
295 385
295 393
295 452
296 422
296 447
297 369
297 473
298 349
298 357
298 379
298 425
298 477
299 335
299 352
299 380
299 420
299 425
300 344
300 372
300 436
300 437
300 471
301 447
301 472
302 307
302 312
302 322
302 344
302 365
302 391
302 446
302 480
303 321
303 356
303 358
303 374
303 397
303 493
304 374
304 404
304 419
305 321
305 433
305 447
305 488
306 316
306 379
306 391
306 442
306 486
306 496
307 311
307 459
308 320
308 339
308 383
308 390
308 461
308 479
308 488
309 324
309 336
309 418
309 465
310 319
310 434
311 385
312 449
312 479
312 496
313 329
313 371
313 423
314 405
314 453
315 364
315 370
315 482
316 338
316 342
316 364
316 394
316 403
316 406
317 337
317 369
317 462
319 358
319 389
319 422
319 467
320 327
320 363
320 367
320 412
320 458
321 413
321 472
321 488
322 396
322 435
322 454
322 482
323 337
324 351
324 427
324 484
325 408
325 411
325 421
325 431
325 449
325 458
326 357
326 404
326 441
327 349
327 370
327 432
328 489
329 396
329 428
330 338
331 336
331 342
331 374
331 404
332 341
332 351
332 468
333 344
333 393
333 399
333 488
334 434
334 469
335 341
335 359
335 417
335 455
335 476
336 412
337 354
337 376
337 422
337 479
337 491
339 360
339 439
339 473
339 484
340 420
341 381
341 395
341 457
342 455
342 479
342 488
343 417
343 472
344 352
344 476
345 377
345 433
345 455
345 456
346 443
347 361
347 362
347 462
347 494
348 400
348 490
349 350
349 356
349 390
349 473
349 498
350 383
351 398
353 393
353 449
353 450
354 422
354 429
354 443
354 448
354 456
355 364
355 391
355 414
355 468
355 471
356 416
356 461
356 475
357 392
357 425
357 470
358 443
358 448
358 465
358 476
359 373
359 391
359 405
360 368
360 402
360 406
361 395
361 446
361 460
362 376
363 365
363 378
364 414
364 495
365 394
365 395
365 412
365 460
366 400
366 401
366 404
366 497
367 468
368 375
368 378
368 440
368 452
368 483
369 479
370 422
371 487
372 436
372 462
372 468
372 484
374 407
374 482
375 379
375 454
375 494
378 433
378 471
378 490
379 440
379 446
380 419
380 443
380 478
381 487
381 489
381 495
381 500
382 383
382 437
383 414
383 423
383 425
383 427
383 470
383 499
385 422
385 427
385 440
385 495
386 396
386 472
387 452
387 459
388 395
388 411
388 460
391 393
391 432
391 443
391 459
391 491
392 431
392 474
392 486
393 446
394 425
394 472
394 490
394 496
395 442
395 466
395 476
395 496
396 499
397 459
398 401
398 418
398 496
399 456
399 463
401 452
401 457
402 431
403 425
403 426
403 446
403 456
403 478
403 482
404 447
406 418
407 409
407 466
408 481
408 498
409 460
410 419
410 431
411 445
411 465
412 447
412 494
413 471
413 483
415 450
415 478
416 427
416 432
417 462
417 473
418 481
419 471
419 473
420 430
420 450
420 453
420 479
421 454
424 437
426 430
426 461
430 495
431 449
431 494
432 495
434 447
434 485
435 464
435 478
435 495
436 438
436 459
436 479
436 500
437 496
439 489
440 469
441 452
443 465
444 470
445 455
445 495
447 479
448 458
448 477
449 474
449 497
450 475
451 490
451 495
452 461
455 479
458 460
458 480
459 460
460 469
461 462
461 477
468 491
471 484
474 488
479 496
479 498
483 487
484 490
486 488
490 491
39 95 25 23 84 66 4 52 11 16 41 55 14 52 20 87 64 57 38 14 73 48 88 45 22 35 6 29 64 65 96 66 51 37 86 56 4 49 56 70 29 97 9 66 17 14 27 47 44 18 83 97 55 59 89 64 19 41 2 16 66 85 8 85 100 43 96 98 88 12 33 98 32 100 7 23 35 63 9 12 36 91 52 36 29 82 39 41 13 83 97 59 73 39 79 51 59 11 56 19 8 39 66 6 28 52 36 80 33 75 84 32 98 33 40 54 65 18 19 85 23 47 74 71 79 46 70 3 16 71 51 56 76 79 54 4 45 71 99 79 37 42 53 18 47 13 64 7 97 68 82 65 55 53 88 7 63 48 80 95 1 1 53 51 7 19 51 8 82 23 72 69 60 12 22 42 10 19 74 33 2 54 60 79 71 82 26 17 94 60 18 36 94 85 84 80 89 29 18 68 17 51 6 89 81 86 50 17 89 11 82 13 32 30 15 19 6 22 27 58 100 74 44 52 19 81 17 2 92 64 6 92 90 73 2 5 88 88 53 98 73 53 82 1 19 58 38 7 6 71 76 29 75 18 98 3 67 48 58 84 89 88 58 5 48 29 17 37 31 15 33 46 9 64 100 18 14 94 92 29 65 98 34 50 66 6 35 20 74 99 53 42 64 6 73 60 74 3 3 67 100 74 22 77 79 49 38 26 14 63 100 54 75 60 49 26 96 82 58 6 88 72 55 64 62 10 24 31 5 34 3 36 56 98 12 43 53 46 11 91 21 100 38 30 71 64 27 71 14 32 80 75 75 99 9 70 71 37 79 83 35 97 39 98 53 70 45 15 5 3 19 35 67 70 69 33 80 21 66 60 97 51 16 97 4 85 10 5 86 28 86 64 36 65 36 78 35 68 19 69 51 63 9 39 47 5 44 44 5 97 48 82 47 51 41 57 63 70 38 31 38 41 8 43 45 53 55 47 23 67 56 32 43 48 46 49 76 88 3 5 8 38 5 92 78 36 37 79 47 96 85 49 5 22 72 89 78 88 30 16 75 79 55 84 74 99 29 77 3 6 60 46 24 4 26 52 73 34 9 80 63 10 4 83 24 22 73 3 22 100 48 25 68 99 15 86 66 31 36 59
50
39 34 29 4 23 11 48 18 47 17 25 40 33 23 36 4 16 47 41 27 21 44 50 46 21 18 11 42 24 16 2 43 15 34 36 37 14 10 10 8 48 14 23 36 50 39 17 24 2 36
2913
1 24 55
1 11 95
1 18 100
1 28 33
1 31 44
1 37 41
1 39 9
2 27 48
2 2 66
2 8 88
2 10 1
2 26 8
2 29 32
2 31 63
2 38 90
3 11 18
3 10 41
3 21 37
3 27 9
3 50 26
4 49 49
4 7 64
4 11 16
4 15 98
4 34 61
5 20 89
5 24 22
5 30 28
5 50 74
6 34 90
6 6 74
6 8 84
6 32 83
6 33 76
6 41 40
7 12 23
7 3 63
7 21 91
7 22 49
7 23 60
7 25 53
7 46 58
7 48 9
8 42 4
8 3 53
8 16 10
8 40 2
8 41 88
9 5 63
9 6 49
9 7 91
9 20 77
9 39 7
10 48 48
10 9 48
10 14 13
10 28 21
10 31 19
10 45 95
11 33 71
11 15 75
11 23 3
11 44 93
12 5 42
12 10 24
12 18 99
12 32 13
12 35 45
12 50 65
13 7 88
13 6 73
13 19 83
13 21 18
13 30 94
14 50 83
14 9 35
14 25 99
14 44 34
15 7 35
15 38 58
15 40 58
16 15 77
16 3 28
16 19 51
16 33 72
16 41 10
16 49 79
17 25 60
17 10 10
17 11 40
17 21 23
17 29 72
17 30 35
17 34 82
17 35 50
17 36 74
18 8 100
18 1 87
18 35 46
18 36 95
18 43 80
18 44 6
19 26 81
19 4 17
19 8 26
19 12 95
19 16 67
19 38 86
20 47 39
20 5 38
20 24 60
20 29 55
20 30 93
20 36 21
20 49 29
21 29 64
21 7 72
21 25 57
21 34 88
21 40 61
21 42 56
21 43 28
22 26 16
22 31 66
22 41 73
23 19 51
23 16 28
23 33 73
23 35 84
23 48 32
24 33 41
24 25 67
24 47 71
24 49 16
25 23 94
25 1 38
25 13 99
25 14 26
25 24 88
25 29 31
25 36 87
25 44 7
26 13 99
26 4 62
26 9 13
26 22 45
26 34 39
26 35 63
26 47 33
27 12 32
27 2 78
27 7 2
27 17 69
27 23 12
27 24 32
27 42 87
27 43 32
28 10 5
28 3 42
28 13 23
28 21 88
28 45 5
28 49 99
29 21 78
29 37 32
29 39 89
29 44 9
29 45 30
30 45 93
30 6 11
30 14 62
30 15 39
30 17 20
30 21 97
30 23 74
30 30 83
30 31 40
30 48 18
31 39 97
31 6 71
31 9 28
31 11 13
31 18 65
31 20 92
31 50 52
32 23 90
32 13 87
32 14 71
32 15 81
32 30 30
32 38 80
32 46 89
33 18 49
33 2 79
33 36 42
34 35 86
34 1 75
34 6 49
34 32 28
34 42 31
34 43 52
35 49 80
35 6 95
35 10 11
35 12 80
35 13 7
35 14 80
35 23 27
35 24 16
35 32 67
35 41 1
36 36 53
36 15 79
36 20 82
36 30 71
36 32 44
36 41 59
36 49 10
37 36 94
37 7 54
37 17 36
37 24 40
37 32 7
37 34 83
37 41 25
37 42 41
37 50 40
38 46 13
38 8 3
38 9 22
38 12 37
38 28 66
38 36 6
39 14 43
39 16 17
39 32 91
40 8 25
40 2 72
40 13 49
40 31 62
41 20 33
41 4 42
41 10 25
41 11 53
41 21 28
41 31 33
42 13 70
42 19 37
42 35 15
42 36 78
43 34 42
43 12 23
43 21 79
43 32 26
43 45 87
44 47 93
44 5 39
44 10 34
44 12 40
44 24 5
44 36 6
44 40 24
45 11 100
45 18 98
45 34 91
45 35 33
46 4 29
46 16 94
46 35 44
46 39 98
46 41 87
47 28 20
47 5 64
47 7 28
47 11 18
47 16 32
47 22 36
47 27 72
47 36 39
47 40 15
47 49 94
48 1 78
48 8 13
48 13 63
48 24 79
48 29 50
48 31 46
48 32 42
48 41 35
48 49 26
49 22 64
49 1 42
49 6 73
49 8 23
49 12 30
49 42 47
50 50 23
50 33 52
50 42 50
50 48 10
50 49 32
51 35 19
51 2 96
51 9 14
51 10 73
51 14 3
52 22 11
52 12 83
52 18 90
52 28 56
52 32 48
52 45 40
52 46 62
52 48 35
53 13 70
53 2 58
53 19 32
53 38 88
54 18 11
54 35 80
54 40 57
54 41 23
55 37 58
55 22 24
55 36 92
56 49 73
56 10 15
56 18 78
56 28 40
57 29 36
57 2 25
57 32 95
57 33 53
57 45 42
57 50 70
58 46 1
58 1 80
58 21 82
58 33 28
59 40 58
59 2 53
59 18 55
59 22 9
59 25 43
59 42 100
60 22 64
60 6 41
60 7 57
60 11 77
60 15 69
60 23 17
60 26 86
60 49 85
61 3 3
61 2 92
61 11 54
61 28 70
62 44 66
62 1 73
62 7 16
62 40 67
63 32 29
63 8 3
63 16 84
63 27 37
63 35 65
63 38 67
63 40 12
63 44 46
63 50 62
64 41 52
64 2 92
64 6 50
64 24 91
64 26 62
64 34 74
65 13 10
65 2 29
65 7 47
65 8 22
65 11 37
65 35 91
65 39 51
65 42 11
65 44 9
66 3 4
66 1 66
66 15 88
67 43 36
67 13 3
67 40 50
67 45 97
68 47 20
68 15 28
68 19 36
68 23 60
68 30 57
68 35 23
68 44 100
69 38 16
69 2 22
69 22 33
69 30 64
69 42 6
69 45 26
70 42 11
70 47 32
70 48 67
71 20 25
71 5 78
71 8 28
71 16 54
71 23 3
71 32 53
71 39 15
72 42 57
72 48 92
73 23 59
73 5 78
73 9 80
73 16 6
73 28 73
73 31 53
74 13 65
74 3 26
74 7 46
74 12 25
74 34 48
74 40 81
74 42 48
75 22 17
75 9 71
75 19 29
75 31 86
76 47 53
76 4 72
76 13 86
76 41 50
76 48 55
77 7 23
77 2 78
77 27 23
77 40 37
78 34 85
78 5 22
78 12 32
78 32 59
78 38 89
79 11 46
79 5 27
79 19 44
79 33 66
80 27 99
80 10 61
80 18 42
80 22 75
80 26 24
80 32 25
81 40 55
81 3 13
81 13 69
81 20 16
81 24 67
81 27 56
81 28 3
82 28 34
82 6 20
82 8 31
82 17 26
82 22 51
82 27 22
82 35 32
82 36 98
83 2 40
83 1 81
83 10 93
83 14 27
83 37 98
83 38 38
83 43 58
83 46 84
83 48 81
83 50 16
84 32 21
84 11 38
84 13 62
84 42 38
84 45 96
85 3 61
85 38 50
85 40 86
85 49 32
86 14 84
86 15 65
86 19 11
86 50 43
87 34 72
87 26 13
87 29 4
87 42 68
88 40 62
88 13 37
88 14 91
88 22 44
88 32 94
88 35 58
88 37 45
89 46 15
89 38 91
89 39 61
90 8 36
90 22 5
90 28 16
90 35 42
90 37 17
90 50 44
91 29 28
91 1 16
91 6 70
91 17 20
91 18 96
91 26 34
91 27 40
91 35 66
91 36 62
91 50 32
92 18 59
92 9 62
92 10 53
92 14 58
92 16 99
92 50 15
93 8 89
93 6 51
93 7 27
93 10 64
93 17 12
93 25 75
93 27 20
93 29 90
93 34 61
93 44 15
94 33 54
94 6 28
94 7 46
94 11 86
94 28 13
94 29 90
94 43 83
94 44 79
94 50 48
95 16 11
95 8 70
95 9 94
95 14 39
95 17 34
95 37 40
96 6 67
96 27 55
96 28 32
96 31 4
96 32 14
96 33 60
97 37 40
97 1 29
97 3 84
97 15 17
97 23 11
97 24 47
97 48 21
97 49 22
98 41 71
98 10 8
98 24 48
98 34 69
98 37 22
98 40 14
98 42 78
98 43 7
98 46 82
99 1 12
99 2 60
99 5 61
99 7 73
99 18 55
99 24 100
99 31 13
99 39 74
100 6 38
100 1 43
100 16 15
100 25 36
100 43 10
100 47 3
101 9 56
101 23 67
101 24 90
101 30 48
101 34 92
101 41 47
101 43 14
101 48 58
101 49 3
102 3 32
102 12 5
102 21 35
102 22 16
102 30 67
102 32 12
102 38 86
102 46 54
103 29 55
103 25 12
103 42 35
104 35 7
104 2 17
104 29 48
104 38 33
105 13 53
105 14 80
105 18 15
105 49 66
106 24 37
106 10 86
106 31 58
106 32 57
106 41 41
106 50 53
107 35 20
107 15 58
107 22 77
107 24 87
107 34 24
107 36 64
107 38 81
108 18 34
108 20 66
108 21 82
108 37 70
108 39 22
108 46 94
108 49 86
109 43 34
109 23 73
109 33 71
109 39 81
110 27 51
110 15 57
110 22 72
110 31 29
110 47 67
111 24 37
111 1 18
111 6 4
111 41 60
112 1 97
112 4 59
112 11 36
112 22 49
112 28 80
112 41 16
112 43 39
112 45 80
112 49 48
113 14 72
113 7 10
113 45 65
113 48 80
114 12 16
114 4 21
114 10 35
114 31 56
114 49 14
115 32 63
115 43 71
115 47 52
116 18 58
116 24 93
116 26 15
116 27 66
116 32 2
116 33 22
116 35 94
117 36 63
117 18 52
117 22 75
117 29 86
117 38 69
118 18 17
118 1 33
118 7 41
118 22 18
118 23 60
118 27 27
118 29 12
119 44 27
119 13 88
119 23 55
119 25 93
119 29 18
119 30 49
120 38 58
120 1 66
120 7 53
120 32 21
121 32 30
121 17 40
121 38 61
121 42 47
121 43 61
122 46 80
122 4 85
122 28 28
122 33 21
122 36 51
122 37 6
123 23 97
123 26 100
123 42 98
124 43 79
124 17 5
124 29 70
124 35 89
125 36 37
125 4 100
125 33 96
125 40 65
125 42 45
125 43 13
126 42 36
126 20 77
126 24 28
126 30 91
126 34 60
127 30 13
127 4 64
127 27 37
127 42 16
127 45 19
128 22 80
128 2 69
128 6 31
128 7 43
128 8 65
128 9 99
128 23 99
128 31 34
128 43 11
129 48 69
129 1 6
129 5 5
129 7 24
129 13 69
129 15 55
129 19 81
129 27 53
129 34 8
129 36 7
129 38 68
129 43 27
130 41 67
130 21 82
131 23 4
131 6 38
131 9 90
131 16 83
131 24 49
132 49 59
132 9 74
132 19 52
132 31 8
132 33 87
132 42 18
133 20 79
133 2 82
133 5 14
133 22 20
134 8 52
134 22 100
134 29 26
134 38 97
134 41 100
134 45 59
135 29 69
135 6 69
135 7 63
135 18 71
135 27 64
135 37 14
135 39 76
135 43 64
136 3 92
136 22 77
136 23 81
136 41 67
136 42 81
136 44 85
136 48 48
137 47 36
137 15 76
137 16 43
137 24 86
138 3 53
138 19 62
138 41 93
138 45 87
139 11 18
139 21 44
139 23 100
139 31 57
139 33 13
140 28 77
140 10 99
140 27 52
140 37 93
140 39 85
141 26 58
141 1 77
141 22 10
141 23 75
142 44 22
142 7 73
142 15 21
142 23 24
142 27 97
142 28 38
142 30 10
142 31 37
143 45 54
143 1 19
143 13 14
143 14 25
143 24 61
143 26 43
143 34 18
143 41 91
144 41 74
144 4 10
144 6 56
144 34 68
144 38 12
144 46 74
144 49 37
144 50 28
145 8 20
145 18 75
145 24 83
145 30 82
146 21 17
147 29 92
147 1 85
147 19 90
147 32 72
147 37 52
148 15 42
148 1 47
148 22 90
148 38 6
149 41 70
149 13 58
149 23 80
149 35 29
149 46 60
150 2 84
150 34 83
150 35 2
150 47 63
151 8 61
151 24 45
151 42 99
152 30 68
152 3 46
152 19 43
152 21 72
152 32 4
152 38 19
153 34 56
153 2 4
153 4 46
153 12 19
153 15 72
153 27 95
153 30 36
153 31 26
153 35 36
154 50 24
154 15 61
154 24 63
154 29 5
155 41 15
155 15 45
155 16 36
155 17 76
156 6 96
156 4 19
156 14 62
156 22 95
156 26 8
156 39 90
157 20 1
157 15 21
157 24 38
157 42 56
157 45 98
158 11 9
158 3 30
158 10 82
158 14 24
158 16 52
158 21 18
158 23 46
158 25 88
158 30 61
158 42 36
159 10 59
159 7 76
159 17 30
159 19 35
159 23 93
159 26 9
159 41 11
159 42 52
159 48 42
160 26 9
160 1 57
160 10 27
160 22 11
160 29 73
160 36 60
161 27 64
161 4 51
161 41 18
162 41 20
162 20 48
162 27 76
162 29 5
162 40 38
163 1 54
163 13 64
163 32 97
163 42 52
163 49 14
164 37 45
164 9 1
164 10 7
164 13 53
164 17 5
164 34 2
164 36 66
164 41 91
164 48 72
165 47 30
165 4 70
165 7 36
165 12 61
165 16 41
165 40 73
166 45 31
166 12 27
166 29 32
166 33 92
166 35 16
166 49 13
167 9 84
167 23 11
167 33 34
167 39 4
168 5 85
168 4 66
168 8 9
168 20 32
168 22 16
168 25 58
168 33 43
168 36 82
169 31 31
169 4 3
169 17 50
169 27 24
169 44 70
170 30 47
170 4 39
170 15 39
170 29 62
170 43 31
170 47 3
170 49 18
171 35 6
171 16 8
171 18 88
171 31 63
171 37 48
171 50 77
172 33 90
172 3 56
172 6 34
172 17 94
172 31 72
172 44 13
172 49 91
173 43 97
173 5 58
173 11 98
173 19 77
173 36 43
174 27 27
174 4 70
174 9 21
174 12 93
175 4 73
175 2 90
175 3 56
175 16 67
175 19 8
175 26 83
175 36 38
176 12 14
176 14 39
176 23 52
176 30 25
177 15 34
177 2 4
177 4 43
177 19 4
177 26 18
178 13 24
178 3 1
178 5 57
178 6 14
178 7 65
178 12 100
178 14 32
178 36 78
178 38 56
178 40 34
178 41 79
179 27 53
179 9 88
179 13 19
179 19 6
179 20 96
179 25 94
179 31 20
179 45 62
180 41 8
180 4 27
180 13 77
180 30 8
180 46 52
181 6 6
181 9 52
181 18 68
181 27 12
181 34 68
181 42 15
181 50 34
182 50 28
182 19 93
182 37 76
182 38 83
182 42 3
182 48 88
183 26 5
183 1 86
183 3 55
183 19 24
183 25 78
183 27 81
183 35 8
183 38 19
184 36 24
184 1 44
184 17 69
184 22 26
184 31 36
184 39 4
184 50 18
185 18 46
185 4 35
185 5 1
185 14 34
185 16 84
185 28 71
185 36 99
186 47 98
186 23 14
186 39 31
186 48 90
187 29 82
187 18 57
187 20 65
187 34 55
187 36 10
187 46 27
188 32 68
188 2 9
188 7 17
188 16 42
188 28 5
188 39 75
188 42 58
188 46 79
189 20 43
189 9 50
189 30 41
189 31 24
189 34 97
189 39 22
190 6 41
190 7 72
190 24 82
190 45 3
191 9 86
191 11 64
191 37 58
192 16 80
192 32 8
193 17 76
193 1 66
193 8 64
193 14 15
193 18 11
193 21 98
193 25 62
193 36 99
193 37 14
193 42 81
193 45 29
194 27 86
194 3 93
194 4 26
194 5 67
194 13 82
194 15 81
194 21 78
194 22 23
194 25 56
194 36 80
195 10 29
195 4 37
195 12 92
195 35 73
195 38 88
195 41 26
195 47 69
196 1 20
196 11 75
196 19 73
196 31 91
196 41 42
196 46 53
196 49 42
197 17 38
197 2 58
197 43 26
197 50 69
198 43 65
198 10 18
198 25 89
198 38 14
198 46 96
198 47 61
198 49 72
199 6 21
199 5 94
199 17 7
199 36 70
199 37 59
199 44 40
200 36 56
200 9 26
200 19 7
200 20 18
200 22 27
200 25 95
200 26 6
200 35 86
201 23 32
201 5 45
201 26 15
201 50 90
202 14 41
202 8 8
202 16 6
202 22 39
202 24 6
202 26 66
202 30 7
203 12 35
203 15 54
203 42 34
203 45 44
204 37 33
204 1 11
204 12 12
204 17 78
204 33 25
205 31 46
205 6 44
205 18 97
205 24 78
205 29 62
205 50 93
206 26 49
206 6 76
206 29 39
206 30 52
206 41 53
206 48 53
207 1 55
207 9 80
207 17 3
207 27 61
208 14 58
208 7 36
208 9 44
208 24 34
208 41 71
208 47 18
208 49 44
209 46 41
209 8 42
209 26 55
209 33 25
209 39 91
209 41 79
209 47 47
209 49 46
210 36 44
210 22 57
210 27 22
210 47 78
211 37 74
211 13 19
211 21 29
211 38 55
211 41 38
211 43 90
212 29 89
212 7 32
212 35 25
212 42 99
213 24 71
213 22 73
213 29 38
213 35 32
213 49 62
214 24 98
214 20 68
214 36 3
215 48 29
215 3 5
215 7 16
215 21 26
215 27 98
215 29 18
215 35 98
215 36 16
216 17 43
216 4 68
216 5 32
216 9 32
216 14 25
216 25 65
216 27 51
217 24 35
217 4 6
217 18 75
217 20 56
217 50 27
218 41 45
218 6 21
218 11 70
218 42 14
219 24 66
219 7 87
219 21 65
219 32 68
219 47 76
220 14 29
220 5 53
220 23 50
220 44 69
220 46 37
221 22 68
221 4 90
221 7 93
221 21 1
221 30 75
221 33 49
221 43 74
221 50 82
222 7 18
222 8 37
222 13 65
222 21 43
222 24 32
222 29 35
222 37 51
222 43 15
222 50 68
223 44 1
223 7 55
223 27 80
223 50 3
224 48 5
224 1 88
224 2 70
224 4 13
224 31 95
224 37 80
225 8 20
225 5 39
225 40 83
225 48 67
226 32 83
226 43 82
227 43 1
227 2 88
227 8 56
227 24 92
227 37 39
227 38 47
227 41 35
228 40 74
228 32 100
228 43 87
229 19 56
229 2 12
229 14 40
229 20 41
229 27 47
230 42 1
230 7 79
230 19 98
230 36 45
231 11 66
231 2 81
231 5 69
231 6 83
231 7 81
231 12 86
231 16 61
231 20 86
231 22 68
231 23 22
231 25 16
231 26 40
231 37 28
231 43 43
232 26 34
232 3 75
232 7 97
232 8 15
232 19 51
232 20 51
232 45 15
233 35 69
233 3 2
233 21 8
233 37 9
233 46 75
233 50 90
234 29 13
234 30 79
234 36 82
234 37 65
234 47 97
235 45 85
235 11 1
235 50 54
236 28 59
236 7 11
236 11 50
236 19 22
236 24 25
236 27 26
236 36 38
236 42 46
237 14 40
237 3 61
237 24 59
238 30 52
238 4 19
238 13 31
239 23 86
239 2 95
239 4 25
239 5 56
239 7 72
239 15 99
240 44 79
240 11 21
240 46 92
240 49 51
241 16 6
241 2 82
241 5 71
241 9 3
241 12 60
241 13 17
241 24 64
241 31 55
241 32 88
241 38 73
242 18 36
242 5 100
242 16 65
242 38 16
242 50 87
243 19 13
243 6 36
243 14 56
243 29 60
243 30 61
243 47 10
244 47 25
244 3 61
244 13 75
244 34 22
245 25 33
245 4 61
245 6 34
245 29 37
245 31 40
245 37 70
245 48 75
246 20 3
246 13 48
246 15 42
246 19 25
246 27 99
246 29 62
246 30 51
247 8 13
247 2 76
247 13 3
247 41 90
247 47 2
247 50 47
248 29 72
248 15 36
248 28 19
248 47 94
248 49 11
249 32 57
249 8 26
249 10 13
249 45 39
250 1 25
250 6 54
250 21 55
250 31 6
250 38 1
250 47 58
251 46 64
251 2 85
251 34 66
251 38 41
251 45 75
252 16 84
252 8 67
252 14 56
252 29 82
252 37 40
252 44 58
253 13 10
253 40 12
254 29 27
254 19 23
254 25 94
254 27 78
254 28 29
254 30 22
254 42 44
254 48 98
254 50 65
255 32 59
255 38 94
255 44 80
256 17 97
256 15 12
256 24 3
256 33 67
256 35 71
256 37 14
256 40 76
256 41 2
256 42 14
256 47 78
257 32 52
257 5 46
257 7 89
257 10 46
257 15 43
257 37 43
257 42 42
257 46 25
258 27 100
258 21 69
258 26 48
258 28 37
258 46 81
258 47 69
259 12 19
259 2 63
259 5 20
259 28 71
259 33 47
259 34 99
260 45 66
260 2 23
260 15 12
260 16 67
260 32 51
260 44 5
261 36 38
261 1 13
261 3 51
261 28 56
261 39 49
261 44 43
261 45 61
261 50 41
262 48 100
262 4 75
262 40 63
263 50 99
263 3 89
263 7 10
263 23 26
263 26 61
263 39 64
264 23 43
264 8 53
264 13 82
264 31 81
264 33 87
265 2 28
265 50 91
266 43 37
266 16 61
266 36 31
266 37 37
266 40 13
267 35 53
267 3 28
267 10 49
267 15 93
267 27 18
267 34 18
267 43 28
268 7 74
268 16 35
268 22 50
268 33 56
268 37 38
269 47 50
269 2 95
269 13 13
269 15 91
269 30 70
269 40 70
269 49 24
270 27 63
270 6 41
270 7 37
270 16 9
270 17 75
270 18 41
270 30 34
271 6 97
271 4 8
271 17 52
271 23 61
271 24 98
271 28 19
271 45 28
271 47 24
272 41 7
272 2 72
272 4 80
272 49 30
273 1 94
273 8 82
273 11 22
273 13 26
273 21 58
273 26 1
273 33 93
273 41 49
273 43 99
273 44 75
273 45 26
273 48 66
274 8 61
274 3 83
274 4 80
274 14 100
274 17 91
274 24 76
274 37 4
274 40 20
274 46 20
275 3 87
275 10 26
275 11 70
275 16 64
275 34 24
275 44 68
275 48 21
275 50 70
276 12 19
276 3 39
276 6 41
276 17 46
276 26 27
277 40 45
277 7 64
277 18 88
277 23 23
277 29 54
277 41 55
277 48 87
277 50 26
278 2 6
278 13 100
278 19 11
278 25 18
278 33 66
278 45 70
279 11 83
279 2 33
279 9 51
279 10 77
279 16 6
279 29 81
279 44 76
279 48 39
280 14 41
280 15 62
280 28 22
280 31 44
280 49 31
281 2 98
281 8 26
281 24 21
281 39 87
281 40 29
281 49 99
282 42 10
282 2 7
282 6 71
282 11 93
282 18 62
282 30 40
282 36 43
282 37 27
282 45 15
283 15 61
283 8 53
283 18 19
283 23 79
283 30 82
283 37 30
283 38 54
283 42 89
284 34 32
284 24 50
284 25 62
284 37 75
285 16 31
285 3 77
285 17 17
285 28 2
285 35 69
285 44 35
286 15 45
286 10 42
286 28 15
286 48 90
287 3 45
287 7 79
287 13 91
287 19 73
287 26 24
287 48 64
288 20 3
288 14 87
288 18 9
288 19 85
288 24 47
288 28 100
288 31 99
288 38 60
289 34 98
289 23 73
289 33 74
289 41 36
289 46 61
290 4 2
290 1 31
290 6 66
290 13 33
290 23 56
290 38 44
291 18 53
291 14 11
291 23 82
291 29 4
291 41 81
291 46 1
292 26 91
292 1 5
292 8 2
292 39 66
292 41 13
293 4 37
293 7 73
293 15 18
293 27 66
293 29 13
294 6 24
294 5 16
294 35 23
294 42 52
295 36 20
295 25 53
295 27 86
295 45 1
295 46 3
296 46 62
296 8 64
296 28 45
296 29 68
296 34 59
296 35 88
296 43 19
296 44 33
297 4 1
297 1 56
297 34 59
297 39 71
297 49 17
298 23 21
298 14 99
298 27 69
298 32 68
298 34 30
298 35 79
298 42 21
299 29 4
299 12 13
299 34 3
299 37 70
299 38 19
299 42 64
300 5 45
300 27 69
300 39 34
301 42 12
301 27 50
302 48 59
302 22 95
302 33 61
303 30 42
303 18 14
304 13 57
304 17 3
304 18 65
304 29 80
304 40 84
304 43 59
305 38 95
305 24 19
305 31 37
305 48 63
306 33 91
306 24 90
306 32 91
306 50 53
307 19 70
307 2 25
307 5 12
307 8 12
307 27 69
307 31 60
307 35 57
308 13 88
308 3 43
308 18 19
308 33 12
309 29 14
309 4 16
309 6 42
309 8 19
309 19 90
309 25 92
310 19 70
310 4 39
310 24 63
310 35 25
310 44 74
310 49 13
311 16 85
311 1 75
311 24 30
311 27 76
311 35 84
311 42 31
311 49 80
312 47 34
312 4 90
312 34 46
313 24 4
313 4 39
313 6 24
313 29 97
314 39 1
314 46 69
314 48 50
315 16 6
315 31 13
315 43 23
316 14 67
316 3 65
316 4 93
316 15 15
316 23 86
316 32 75
316 48 34
317 50 48
317 43 81
317 45 61
317 46 49
318 37 60
318 21 56
318 27 54
318 29 25
318 40 27
318 47 15
318 48 98
319 15 38
319 3 88
319 6 94
319 9 11
319 18 95
319 26 84
319 27 20
319 29 43
319 42 78
319 44 22
320 18 11
320 12 78
320 24 85
320 37 74
320 39 56
320 41 75
321 10 90
321 2 58
321 7 93
321 22 99
321 42 69
322 48 30
322 3 47
322 47 60
323 46 24
323 1 3
323 7 46
323 19 69
323 32 41
323 36 74
323 39 45
323 49 26
324 25 67
324 10 75
324 35 88
324 40 51
324 47 53
324 50 95
325 7 77
325 2 18
325 16 48
325 43 55
326 40 52
326 8 35
326 21 35
326 33 41
326 42 50
327 18 8
327 5 93
327 8 51
327 10 4
327 12 52
327 17 16
327 19 36
327 27 63
327 30 72
327 43 58
328 45 14
328 3 47
328 21 55
328 22 71
328 39 59
328 49 12
329 23 36
329 26 75
329 40 49
330 34 46
330 10 35
330 19 50
330 21 93
331 14 47
331 1 33
331 12 19
331 33 96
331 46 34
332 46 95
332 9 32
332 16 17
333 43 32
333 11 46
333 18 62
333 20 37
333 46 42
334 4 93
334 11 29
334 15 49
334 21 34
334 22 97
334 23 75
334 26 34
334 30 85
334 41 74
335 9 76
335 5 12
335 7 7
335 21 99
335 27 73
335 30 92
335 34 45
335 37 66
336 21 84
336 6 50
336 13 25
336 27 36
336 28 86
336 36 82
336 44 34
336 47 52
337 24 36
337 22 98
338 21 3
338 4 7
338 27 14
338 36 53
338 38 46
339 8 12
339 18 27
339 19 83
339 45 42
339 46 69
340 43 20
340 17 91
340 34 94
340 36 30
340 40 77
341 18 18
341 7 87
341 11 92
341 47 28
342 28 46
342 8 65
342 13 19
342 20 37
342 31 22
342 36 97
342 43 8
343 16 74
343 4 11
343 5 40
343 8 29
343 38 81
343 39 61
343 42 60
343 45 59
344 39 35
344 32 1
344 33 27
344 34 76
344 42 55
344 45 30
344 46 91
345 9 12
345 3 35
346 37 53
346 13 49
346 22 50
346 29 95
346 44 45
346 47 62
347 43 40
347 3 44
347 27 28
347 28 16
347 39 30
347 45 96
348 6 9
348 11 70
348 19 47
348 32 39
348 49 75
349 6 1
349 10 28
349 24 56
349 33 34
349 47 62
350 7 79
350 22 94
350 26 35
350 27 93
350 38 68
351 2 27
351 19 92
351 21 48
351 25 75
351 33 58
351 42 70
351 45 66
352 7 75
352 10 32
352 19 21
352 23 93
352 24 4
353 16 11
353 5 54
353 20 27
354 46 25
354 4 4
354 22 22
354 25 42
354 37 54
355 39 59
355 4 53
355 10 73
355 38 96
355 41 15
355 48 62
356 16 80
356 6 27
356 11 61
356 42 16
356 48 79
357 44 57
357 1 85
357 6 18
357 17 58
357 34 43
357 39 31
358 43 32
358 16 63
358 18 69
358 44 38
359 7 81
359 11 37
359 14 99
359 15 82
359 17 35
359 20 12
359 30 99
359 43 63
360 40 67
360 14 6
360 37 66
360 43 74
360 45 47
361 25 36
361 1 89
361 26 94
361 34 97
361 40 9
361 42 84
362 30 86
362 3 20
362 14 15
362 16 25
362 27 54
363 10 53
363 3 78
363 11 1
363 13 83
363 21 83
363 41 41
363 42 29
364 22 5
364 12 13
364 27 19
364 35 26
365 50 79
365 34 8
365 44 45
366 11 72
366 39 41
367 8 89
367 5 85
367 18 95
367 25 15
367 36 73
368 42 91
368 9 17
368 12 50
368 13 7
368 16 1
368 22 64
368 36 19
368 39 95
368 45 86
369 1 21
369 3 57
369 30 26
369 31 80
369 34 15
369 43 12
370 35 91
370 5 62
370 15 39
370 24 20
370 37 25
370 38 18
370 49 30
371 7 94
371 9 37
371 22 48
371 27 23
371 43 55
372 10 15
372 17 29
372 22 38
372 31 100
372 50 87
373 48 58
373 1 62
373 4 80
373 36 47
374 40 54
374 2 5
374 4 69
374 14 83
374 18 78
374 24 36
374 30 53
374 38 83
374 42 52
374 45 69
375 13 42
375 8 8
375 9 49
375 10 31
375 41 36
375 42 63
375 45 1
376 31 44
376 14 93
376 41 80
377 20 5
377 6 60
377 7 40
377 25 14
377 29 98
377 31 91
377 32 52
377 39 54
377 40 67
377 47 63
377 49 28
378 6 31
378 11 33
378 18 45
378 19 9
378 21 21
378 29 11
379 44 9
379 3 45
379 14 85
379 18 10
379 28 53
379 40 77
379 41 31
380 48 40
380 1 75
380 3 6
380 5 53
380 10 90
380 12 91
380 21 53
380 39 15
381 37 100
381 17 20
381 31 94
382 7 53
382 3 24
382 6 22
382 8 34
382 29 16
382 35 88
382 47 52
382 49 2
383 46 78
383 4 90
383 20 48
383 24 12
383 27 75
383 29 78
383 33 100
383 34 22
383 37 95
383 40 57
383 42 95
383 45 86
384 25 26
384 3 69
384 11 41
384 12 45
384 16 74
384 30 78
384 34 100
384 39 48
385 31 95
385 26 9
385 32 88
385 49 42
386 9 68
386 7 72
386 11 38
386 12 6
386 15 63
386 16 70
386 27 51
386 35 24
386 49 2
387 47 63
387 50 17
388 35 69
388 28 79
388 38 34
388 49 32
389 3 53
389 15 99
390 45 46
390 17 80
390 42 11
390 48 74
391 26 82
391 6 79
391 14 5
392 14 64
392 19 88
392 24 83
392 35 63
392 36 51
393 21 89
393 3 15
393 4 88
393 6 53
393 7 99
393 12 38
393 13 36
393 15 16
393 28 84
393 34 18
394 17 5
394 2 89
394 31 14
395 14 62
395 3 47
395 4 83
395 11 88
395 15 34
395 25 62
395 48 14
395 50 30
396 1 88
396 6 65
396 9 43
396 11 53
396 24 98
396 28 93
396 31 34
396 34 73
396 37 14
396 41 41
396 46 97
396 47 100
396 48 42
397 19 28
397 6 57
397 16 19
397 26 46
397 48 10
397 49 85
398 7 40
398 2 13
398 14 17
398 16 6
398 19 32
398 23 67
398 46 63
399 2 4
399 37 6
399 38 30
399 50 56
400 39 30
400 4 22
400 6 81
400 11 73
400 20 42
400 31 18
400 32 54
400 40 91
400 49 85
401 29 58
401 10 78
401 16 30
401 20 73
401 28 84
401 49 70
402 24 3
402 8 37
402 22 86
402 31 45
402 34 9
402 41 3
402 42 85
402 47 9
402 50 40
403 45 52
403 5 51
403 6 87
403 14 71
403 19 69
403 43 41
403 44 26
404 50 66
404 5 75
404 15 14
404 17 4
404 23 70
404 30 24
404 36 47
404 44 8
405 7 53
405 2 46
405 34 3
406 20 74
406 1 25
406 15 43
406 39 22
407 38 31
407 3 85
407 8 2
407 9 47
407 10 10
407 15 93
407 16 15
407 27 67
407 44 75
408 50 24
408 24 11
408 36 16
408 40 89
408 47 26
408 48 94
408 49 66
409 8 81
409 3 70
409 4 8
409 21 37
409 32 72
409 34 7
409 35 77
410 32 56
410 1 15
410 5 27
410 37 27
410 44 95
410 45 78
410 50 92
411 22 27
411 3 95
411 6 91
411 7 27
411 8 20
411 9 63
411 13 31
411 25 16
411 26 52
411 31 23
411 50 40
412 4 90
412 9 29
412 19 91
412 21 33
412 43 53
413 38 75
413 11 80
413 25 9
413 26 71
413 37 43
414 1 33
414 5 81
414 24 91
414 26 77
414 29 11
414 36 58
414 43 19
414 45 29
414 50 49
415 29 60
415 9 93
415 11 67
415 27 12
415 42 79
415 45 55
416 31 40
416 2 92
416 8 86
416 13 67
417 6 32
417 19 2
417 30 12
417 31 58
417 41 42
417 50 63
418 15 4
418 10 17
418 13 41
418 23 98
418 43 8
419 22 88
419 2 10
419 10 86
419 30 85
420 41 9
420 5 78
420 12 25
420 18 70
420 20 56
420 21 54
420 25 21
420 39 31
420 48 73
421 9 5
421 11 4
421 30 28
421 46 81
422 17 66
422 4 60
422 26 84
422 35 39
422 47 1
423 3 99
423 26 77
423 38 55
423 47 95
424 39 82
424 41 79
424 50 11
425 40 29
425 7 13
425 10 87
425 11 12
425 24 63
425 25 34
425 26 31
425 35 6
426 21 11
426 4 46
426 8 6
426 20 35
426 41 3
426 48 48
427 10 82
427 4 100
427 34 6
428 27 93
428 22 16
428 32 57
428 34 3
428 44 71
428 47 59
428 48 93
429 38 94
429 9 28
429 16 29
429 29 86
430 2 21
430 11 57
430 25 89
430 32 65
430 47 93
430 48 44
430 49 37
431 47 94
431 6 30
431 22 85
431 50 6
432 3 93
432 50 76
433 22 86
433 10 23
433 24 19
433 34 57
433 47 41
433 50 45
434 16 30
434 18 100
434 20 22
434 25 38
434 29 4
434 45 8
434 46 7
434 48 34
435 46 47
435 9 94
435 21 91
435 37 25
436 49 20
436 2 97
436 7 95
436 25 100
436 38 64
436 50 10
437 6 38
437 13 76
437 37 5
437 39 76
437 41 17
437 45 71
437 47 12
438 41 11
438 29 100
439 16 86
439 1 97
439 10 93
439 24 24
439 26 58
439 36 4
439 42 48
439 45 76
440 2 56
440 17 67
440 21 93
440 49 89
441 34 54
441 5 44
441 18 81
441 28 96
441 37 34
441 38 13
442 35 93
442 13 97
442 24 28
442 28 96
443 20 95
443 9 96
443 15 50
443 16 21
443 39 88
444 45 91
444 11 12
444 23 58
444 28 80
445 6 98
445 3 47
445 16 58
445 33 32
445 44 69
445 48 53
445 50 8
446 19 5
446 2 17
446 15 66
446 23 100
446 27 68
446 35 46
446 40 48
446 41 54
446 45 54
446 46 12
447 11 60
447 7 47
447 9 73
447 14 31
447 20 14
447 22 28
447 25 46
447 29 10
447 33 86
447 49 21
448 7 35
448 20 76
448 24 29
448 27 4
448 33 56
448 45 93
448 48 40
449 43 70
449 2 94
449 6 5
449 11 95
449 17 4
449 18 49
449 32 51
449 35 67
449 36 14
450 2 80
450 1 5
450 19 98
450 20 46
450 23 97
450 34 36
450 39 68
450 49 93
451 48 39
451 12 2
451 14 88
451 17 4
451 18 17
451 28 82
451 35 95
451 37 59
451 43 52
451 45 67
452 7 4
452 17 10
452 24 42
452 31 38
453 49 57
453 1 5
453 4 87
453 22 91
453 31 8
453 37 42
453 43 99
454 39 60
454 10 98
454 21 2
454 38 13
454 44 96
455 37 20
455 10 69
455 11 3
455 26 44
456 15 1
456 30 51
456 32 94
456 38 67
456 40 92
457 8 96
457 10 61
457 23 3
457 24 80
457 25 72
457 41 24
457 43 47
458 2 86
458 1 41
458 5 28
458 43 58
458 47 51
459 26 46
459 5 62
459 6 3
459 22 16
460 11 81
460 18 19
460 20 3
460 27 92
460 43 68
461 18 23
461 4 12
461 37 51
461 39 77
461 42 80
461 43 68
461 49 53
462 2 93
462 5 72
462 29 43
462 34 26
462 49 99
463 29 78
463 1 48
463 2 65
463 11 48
463 18 91
463 19 64
463 23 76
463 24 2
463 27 78
463 41 97
464 25 22
464 5 56
464 15 63
464 24 27
464 35 72
464 39 33
464 49 71
465 11 28
465 9 64
465 18 65
465 19 13
465 24 24
465 25 28
465 28 60
465 41 27
466 26 60
466 9 40
466 29 20
466 31 6
466 38 44
466 47 57
467 39 88
467 8 24
467 33 12
468 16 98
468 1 55
468 2 31
468 9 27
468 10 29
468 11 76
468 46 73
468 48 20
469 35 54
469 2 24
469 9 2
469 18 16
469 23 89
469 32 100
469 34 91
470 36 54
470 5 97
470 7 84
470 14 65
470 27 53
470 30 82
471 6 52
471 4 74
471 5 33
471 11 18
471 29 42
471 49 93
471 50 73
472 30 11
472 25 40
472 35 15
472 50 45
473 21 96
473 6 84
473 9 28
473 11 83
473 25 37
473 27 87
473 28 64
473 36 91
474 45 17
474 24 97
474 33 63
475 27 85
475 8 17
475 20 98
475 23 38
475 25 78
475 26 3
475 30 31
475 39 26
475 42 25
476 6 14
476 11 88
476 42 7
477 17 32
477 8 2
477 10 77
477 12 33
477 36 78
477 38 95
477 40 8
478 31 30
478 6 60
478 11 49
478 12 63
478 16 18
478 34 35
478 45 34
479 30 25
479 1 71
479 15 43
479 26 53
480 15 79
480 14 74
480 26 43
480 45 59
481 4 95
481 14 65
481 32 27
481 44 81
481 46 28
482 12 25
482 5 52
482 16 83
482 26 91
482 30 6
482 33 65
482 34 25
483 32 83
483 2 14
483 5 67
483 18 78
483 26 72
483 31 80
483 41 93
484 21 56
484 3 15
484 12 97
484 23 66
484 25 44
484 33 66
484 50 15
485 14 10
485 10 50
485 24 46
485 29 33
485 31 4
485 44 100
486 19 78
486 23 38
486 25 94
487 24 7
487 11 16
487 26 23
487 38 18
487 48 76
487 50 83
488 40 64
488 1 31
488 5 28
488 28 2
488 37 64
488 46 93
489 35 84
489 25 70
489 32 26
489 39 53
489 49 55
490 42 1
490 5 38
490 14 37
490 47 40
491 40 67
491 2 58
491 3 79
491 32 54
491 39 10
492 17 56
492 18 53
492 35 98
493 50 18
493 3 85
493 5 24
493 19 8
493 21 38
493 27 2
493 28 37
493 39 73
493 42 81
494 10 68
495 32 33
495 1 62
495 4 47
495 7 68
495 12 55
495 17 13
495 24 100
495 50 64
496 11 49
496 2 79
496 3 42
496 28 72
496 35 47
496 39 14
496 41 50
496 43 11
497 2 78
497 24 69
497 37 58
497 42 11
498 41 94
498 17 30
498 26 99
498 34 12
498 43 92
499 37 13
499 1 82
499 7 38
499 31 61
499 35 8
499 40 22
500 49 55
500 3 72
500 12 52
500 15 17
500 32 21
500 37 78
