786
1 185 330
2 110 180
3 218 40
4 280 230
5 227 40
6 228 421
7 144 401
8 204 220
9 16 160
10 185 40
11 247 72
12 374 170
13 31 80
14 398 20
15 77 20
16 32 300
17 28 80
18 128 180
19 266 241
20 12 351
21 101 300
22 284 160
23 164 120
24 274 130
25 221 140
26 333 240
27 250 382
28 214 40
29 63 120
30 255 370
31 122 320
32 279 20
33 83 40
34 269 120
35 329 331
36 303 241
37 137 221
38 19 200
39 55 80
40 398 150
41 164 410
42 37 310
43 267 80
44 252 20
45 166 261
46 328 40
47 39 80
48 143 60
49 231 60
50 54 290
51 316 391
52 87 140
53 75 261
54 103 301
55 130 210
56 153 240
57 95 30
58 186 462
59 150 441
60 40 381
61 242 342
62 174 410
63 257 160
64 352 60
65 55 220
66 381 340
67 190 240
68 399 311
69 13 230
70 38 190
72 253 310
73 236 240
74 99 340
75 374 330
76 233 451
77 300 442
78 345 170
79 48 181
80 232 321
81 134 241
82 367 450
83 200 430
84 170 391
85 286 150
86 362 0
87 348 210
88 260 310
89 286 40
90 6 241
91 240 40
92 109 340
93 92 250
94 356 61
95 320 500
96 368 40
97 379 0
99 347 390
100 343 330
101 157 240
102 352 160
103 155 250
104 7 231
105 251 350
106 380 180
107 244 241
109 22 370
110 203 80
111 243 120
112 126 260
113 367 400
114 324 150
115 121 0
116 156 300
117 37 260
119 49 90
120 37 190
121 47 40
122 265 110
123 199 450
124 172 200
125 34 60
126 355 40
127 10 80
128 152 40
129 277 80
130 342 91
131 307 280
132 208 331
133 6 181
134 13 470
135 104 310
136 16 70
137 92 220
138 279 290
139 330 150
140 265 430
141 6 390
142 237 200
143 1 201
144 214 382
145 364 371
146 235 160
147 306 160
148 163 310
149 46 340
150 353 20
151 118 381
152 251 60
153 289 250
154 286 60
155 381 421
156 155 170
157 249 40
158 97 381
159 336 60
160 168 150
161 170 0
162 243 40
163 283 141
164 265 210
165 261 320
166 69 321
167 47 390
168 212 351
169 95 60
170 315 380
171 167 350
172 55 260
173 113 221
174 284 260
175 36 271
176 22 310
177 99 181
178 275 80
179 156 230
180 333 20
181 346 420
182 113 0
183 290 230
184 236 120
185 199 310
186 191 441
187 69 221
188 280 80
189 67 180
190 141 120
191 388 320
192 24 110
193 114 330
194 143 100
195 392 200
196 50 220
197 274 220
198 150 190
199 93 0
200 45 351
201 204 40
202 172 261
204 340 441
205 86 40
206 283 131
207 335 410
208 186 120
209 147 110
210 67 80
211 69 241
212 332 210
213 274 110
214 400 100
215 290 160
216 51 60
217 320 330
218 186 380
219 347 290
220 280 180
221 145 321
222 33 250
223 13 60
224 328 110
225 124 210
226 63 40
227 195 121
228 67 40
229 119 230
230 275 241
231 205 380
232 5 160
233 116 240
234 219 60
235 54 90
236 210 200
237 130 380
238 272 220
239 88 240
240 322 60
241 101 280
242 141 270
243 284 220
244 66 420
245 308 311
246 376 100
247 74 380
249 366 220
250 250 80
251 261 110
252 58 220
253 215 60
254 181 330
255 95 330
256 192 420
257 337 60
258 102 351
259 123 331
260 173 151
261 55 470
262 220 160
263 298 270
264 193 420
265 279 380
266 282 181
267 170 340
268 201 310
269 1 181
270 44 391
271 337 130
272 175 130
273 268 80
274 151 80
275 344 321
276 262 250
277 372 242
278 48 120
279 85 230
280 52 181
281 276 80
282 393 412
283 126 170
284 253 180
285 363 370
286 223 241
287 133 40
288 37 100
289 84 60
290 39 130
291 197 440
292 363 330
293 265 240
294 263 40
295 227 290
296 388 430
297 215 250
298 167 120
299 361 40
300 343 290
301 52 80
302 204 130
303 191 431
304 257 260
305 144 81
306 242 400
307 221 110
308 372 90
309 98 401
310 366 20
311 97 200
312 222 400
313 224 351
314 171 160
315 60 181
316 221 20
317 74 360
318 314 351
319 241 270
320 104 40
321 144 230
322 15 100
323 197 340
324 344 20
325 178 60
326 197 280
327 187 451
328 208 401
329 300 170
330 78 60
332 132 40
333 256 60
334 133 170
335 269 420
336 27 30
337 40 200
338 383 400
339 1 30
340 362 240
341 19 150
342 113 321
343 5 60
344 2 441
345 337 421
346 309 170
347 285 420
348 151 331
349 347 80
350 127 260
351 295 40
352 171 80
353 33 150
354 81 280
355 387 140
356 47 150
357 104 370
358 384 210
359 114 310
360 319 410
361 101 500
362 32 80
363 130 110
364 124 100
365 257 330
366 153 160
367 357 351
368 140 140
369 93 210
370 302 240
371 19 260
372 300 80
373 57 420
374 380 60
375 111 210
376 29 60
377 172 40
378 370 440
379 190 340
380 340 391
381 80 190
382 279 460
383 170 240
384 107 130
385 335 370
386 5 110
387 344 150
388 375 330
389 230 370
390 292 80
391 358 211
392 209 300
393 12 321
394 227 170
395 211 220
396 271 291
397 234 421
398 391 321
399 259 282
400 150 180
401 373 340
402 85 150
403 10 391
404 252 250
405 101 260
406 274 60
407 288 220
408 330 340
409 223 431
410 363 300
412 131 410
413 170 421
414 41 40
415 224 321
416 305 40
417 139 80
418 75 211
419 157 220
420 299 230
421 156 40
422 87 420
424 247 420
425 381 40
426 92 170
427 263 160
428 292 170
429 312 241
430 82 421
431 62 170
432 157 210
433 84 330
434 206 322
435 378 140
436 23 0
437 82 80
438 33 230
439 129 310
440 55 140
441 190 140
442 393 171
443 166 40
444 178 90
445 33 60
446 338 420
447 60 161
448 310 250
449 269 80
450 86 262
451 357 40
452 80 100
453 182 161
454 144 202
455 310 40
456 215 150
457 266 141
458 387 20
459 372 401
460 194 0
461 388 370
462 252 170
463 54 40
464 44 50
465 46 300
466 199 210
468 184 70
469 375 100
470 66 340
471 367 360
472 62 240
473 44 0
474 245 161
475 62 320
476 269 270
477 257 60
478 262 240
479 9 150
480 42 141
481 25 471
482 308 130
483 296 131
484 58 0
485 106 240
486 269 400
487 23 100
488 303 150
489 108 40
490 152 100
491 299 160
492 252 100
493 334 321
494 26 20
495 25 401
496 365 351
497 142 421
498 113 90
499 270 41
500 128 70
501 400 20
502 145 441
503 185 220
504 331 40
505 101 430
506 386 191
507 203 240
508 346 80
509 55 440
510 361 300
511 394 40
512 95 20
513 392 100
514 219 301
515 398 80
516 285 20
517 296 80
518 361 100
519 162 180
520 126 80
521 49 180
522 308 40
523 140 240
524 127 180
525 55 400
526 311 321
527 209 370
528 167 110
529 207 120
530 361 170
531 66 90
532 315 0
533 293 250
534 215 320
535 145 421
536 227 240
537 316 80
538 228 361
539 161 80
540 27 0
541 187 260
543 60 141
544 176 80
545 96 250
546 36 170
547 378 370
548 273 411
549 385 301
550 220 290
551 188 370
552 110 80
553 323 220
554 162 40
555 229 40
556 158 120
557 298 60
558 22 180
559 117 20
560 102 80
561 119 372
562 16 331
563 350 270
564 340 351
565 79 80
566 194 40
567 191 220
568 129 140
569 363 260
570 144 170
571 235 292
572 347 220
573 290 330
574 311 220
575 232 70
576 186 320
577 335 310
578 299 240
579 302 90
580 65 0
581 172 391
582 121 240
583 175 80
584 25 381
585 127 80
586 377 300
587 191 160
588 143 351
589 321 80
590 284 120
591 2 401
592 368 392
593 19 190
594 264 130
595 354 210
596 211 210
597 101 190
598 55 360
599 49 120
600 353 250
601 103 420
602 56 361
603 220 220
604 109 430
605 254 170
606 198 321
607 222 20
608 382 350
609 19 370
610 334 242
611 162 250
612 188 270
613 302 170
614 84 230
615 144 160
616 288 60
617 1 0
618 128 440
619 349 80
620 353 170
621 330 250
622 79 90
623 387 70
624 365 320
625 103 400
626 74 260
627 62 110
628 255 240
629 131 350
630 45 331
631 226 60
632 250 140
633 147 140
634 20 60
635 317 231
636 34 401
637 101 360
638 262 150
639 337 230
640 5 320
641 160 281
642 234 381
643 237 140
644 359 20
645 385 40
646 297 341
647 97 290
648 124 80
649 279 100
650 2 20
651 265 160
652 13 400
653 301 320
654 98 341
655 141 50
656 330 110
657 259 270
658 119 170
659 136 320
660 102 220
661 232 120
662 161 180
663 388 260
664 74 80
665 22 80
666 293 270
667 162 140
668 293 371
669 386 20
670 64 160
671 65 281
672 244 20
673 348 170
674 124 270
675 364 200
677 284 20
678 142 381
679 301 220
680 191 80
681 108 421
682 314 60
683 115 300
684 256 220
685 384 150
686 351 300
687 240 281
688 252 90
689 5 220
690 207 60
691 319 310
692 370 230
693 297 80
694 315 60
695 159 210
696 237 80
697 105 60
698 278 130
699 62 470
700 37 0
701 163 220
702 4 210
703 396 70
704 223 421
705 288 140
706 15 40
707 197 60
708 213 180
709 185 130
710 101 180
711 205 80
712 57 370
713 191 391
714 376 41
715 362 170
716 71 340
717 282 80
719 47 440
720 300 422
721 232 0
722 135 20
723 101 440
724 67 20
725 192 360
726 337 200
727 87 370
729 264 80
730 8 351
731 193 70
732 314 261
733 98 20
734 267 0
735 70 40
736 181 270
737 214 170
738 350 390
739 6 141
740 158 40
741 101 80
742 201 20
743 198 241
744 200 370
745 358 191
746 293 60
747 86 70
748 356 0
749 379 331
750 181 240
751 141 40
752 372 222
753 76 80
754 310 440
755 49 60
756 183 20
757 392 80
758 236 351
759 181 80
760 280 60
761 15 90
762 391 170
763 227 150
764 61 40
765 73 350
766 98 291
767 77 50
768 182 110
769 114 80
770 35 330
771 157 40
772 164 210
773 1 141
774 354 160
775 366 340
776 333 270
777 382 270
778 148 370
779 312 130
780 390 80
781 326 170
782 81 180
783 68 100
784 345 80
785 47 50
786 8 40
787 353 50
788 192 310
789 210 160
790 108 310
791 241 80
792 45 240
793 357 130
794 177 240
795 84 140
796 17 310
797 261 270
798 233 431
799 297 260
800 184 60
