786
1 185 190
2 110 170
3 218 40
4 280 240
5 227 40
6 228 360
7 144 270
8 204 130
9 16 260
10 185 230
11 247 60
12 374 180
13 31 0
14 398 100
15 77 120
16 32 300
17 28 80
18 128 180
19 266 180
20 12 80
21 101 200
22 284 120
23 164 120
24 274 60
25 221 110
26 333 240
27 250 410
28 214 80
29 63 180
30 255 340
31 122 260
32 279 20
33 83 40
34 269 120
35 329 20
36 303 210
37 137 70
38 19 60
39 55 80
40 398 20
41 164 280
42 74 330
43 267 80
44 252 20
45 166 80
46 328 40
47 39 80
48 143 60
49 231 60
50 54 160
51 316 260
52 87 210
53 75 80
54 103 180
55 130 210
56 153 80
57 95 20
58 388 120
59 150 280
60 40 440
61 242 91
62 174 290
63 257 60
64 352 60
65 55 400
66 381 400
67 190 180
68 399 100
69 13 300
70 38 160
72 253 312
73 236 240
74 99 240
75 374 80
76 233 140
77 300 160
78 345 200
79 48 100
80 232 380
81 134 80
82 367 180
83 200 110
84 170 250
85 286 240
86 362 0
87 348 210
88 260 81
89 286 0
90 6 180
91 240 40
92 109 300
93 143 250
94 356 60
95 122 380
96 368 80
97 379 0
99 347 110
100 343 40
101 157 70
102 352 160
103 155 120
104 7 40
105 251 350
106 380 180
107 244 100
109 22 250
110 203 80
111 243 120
112 126 110
113 367 40
114 324 150
115 121 0
116 156 150
117 37 160
119 49 60
120 37 60
121 47 20
122 265 300
123 199 390
124 172 230
125 34 60
126 355 40
127 10 210
128 152 81
129 277 80
130 163 0
131 307 260
132 208 160
133 6 250
134 13 350
135 104 250
136 16 90
137 92 60
138 279 160
139 330 250
140 265 350
141 6 310
142 237 200
143 1 180
144 214 410
145 364 120
146 235 161
147 306 120
148 163 280
149 46 230
150 353 20
151 118 140
152 251 20
153 289 160
154 286 20
155 381 260
156 155 220
157 249 40
158 97 20
159 336 60
160 168 150
161 170 0
162 243 40
163 283 60
164 45 120
165 261 312
166 69 200
167 47 360
168 212 390
169 95 60
170 167 380
171 167 260
172 55 300
173 113 270
174 284 240
175 36 150
176 22 330
177 99 180
178 275 40
179 156 240
180 333 20
181 346 340
182 113 0
183 290 280
184 236 140
185 199 160
186 191 260
187 69 180
188 280 60
189 67 180
190 141 0
191 388 150
192 24 150
193 114 131
194 143 100
195 392 200
196 50 230
197 274 240
198 150 60
199 93 0
200 45 230
201 204 40
202 172 140
204 340 180
205 86 50
206 283 130
207 335 330
208 186 130
209 147 80
210 67 30
211 69 60
212 332 210
213 274 150
214 93 110
215 290 60
216 51 0
217 320 240
218 186 410
219 347 250
220 280 160
221 145 130
222 174 212
223 13 60
224 328 110
225 124 180
226 63 40
227 195 80
228 67 0
229 119 40
230 275 140
231 205 250
232 5 150
233 116 250
234 219 60
235 54 90
236 210 0
237 17 250
238 272 220
239 88 270
240 322 60
241 101 180
242 141 180
243 284 220
244 66 90
245 308 180
246 376 80
247 74 280
249 366 220
250 250 180
251 261 110
252 58 210
253 215 60
254 181 160
255 95 330
256 192 402
257 337 30
258 102 270
259 123 20
260 173 40
261 55 220
262 220 350
263 298 210
264 193 420
265 279 390
266 282 200
267 170 180
268 201 280
269 1 30
270 44 210
271 337 340
272 175 130
273 268 80
274 151 80
275 344 140
276 262 80
277 372 80
278 48 160
279 85 230
280 52 80
281 276 80
282 393 280
283 126 250
284 253 180
285 363 270
286 223 160
287 133 40
288 37 210
289 84 60
290 39 100
291 197 110
292 363 200
293 265 400
294 263 40
295 227 230
296 388 260
297 215 190
298 167 110
299 361 110
300 343 150
301 52 180
302 204 170
303 191 370
304 257 260
305 144 40
306 242 130
307 221 190
308 372 120
309 98 270
310 366 20
311 97 200
312 222 130
313 224 160
314 171 160
315 60 60
316 221 20
317 74 260
318 314 420
319 241 210
320 104 20
321 144 100
322 15 60
323 197 350
324 344 41
325 178 60
326 197 290
327 187 510
328 208 240
329 300 80
330 78 60
332 132 40
333 256 60
334 133 180
335 269 220
336 27 60
337 40 200
338 383 310
339 1 50
340 362 110
341 19 120
342 113 260
343 5 40
344 2 110
345 337 230
346 309 270
347 285 290
348 151 90
349 347 60
350 127 160
351 295 40
352 171 80
353 33 0
354 81 40
355 387 100
356 47 130
357 104 420
358 384 130
359 114 312
360 133 420
361 54 330
362 32 80
363 130 110
364 124 40
365 257 330
366 153 160
367 357 360
368 140 240
369 93 211
370 302 40
371 19 260
372 300 180
373 57 150
374 380 60
375 111 150
376 29 60
377 172 40
378 370 200
379 190 350
380 340 230
381 80 60
382 279 320
383 170 80
384 107 130
385 335 170
386 5 90
387 344 110
388 375 380
389 230 290
390 292 40
391 116 90
392 209 220
393 12 200
394 227 170
395 211 160
396 271 140
397 234 60
398 391 140
399 259 120
400 150 190
401 373 340
402 85 171
403 10 40
404 252 250
405 101 270
406 274 170
407 288 200
408 330 60
409 223 10
410 363 240
412 131 80
413 170 310
414 41 40
415 224 330
416 305 40
417 139 80
418 75 210
419 157 40
420 299 60
421 156 40
422 87 80
424 247 290
425 381 40
426 92 190
427 263 220
428 292 350
429 312 220
430 82 250
431 62 180
432 157 90
433 84 160
434 206 60
435 378 380
436 23 30
437 82 80
438 33 160
439 129 310
440 55 140
441 190 200
442 393 410
443 166 40
444 178 90
445 376 180
446 338 440
447 60 120
448 310 160
449 269 80
450 86 120
451 357 180
452 80 100
453 182 130
454 144 200
455 310 40
456 215 360
457 266 80
458 387 20
459 372 200
460 194 60
461 388 200
462 252 170
463 54 40
464 223 0
465 46 100
466 199 211
468 184 70
469 375 101
470 66 210
471 367 260
472 62 250
473 44 0
474 99 80
475 62 150
476 269 330
477 257 160
478 262 60
479 9 120
480 42 130
481 25 270
482 308 0
483 296 130
484 58 0
485 106 20
486 269 300
487 23 0
488 303 120
489 108 0
490 152 40
491 299 260
492 252 90
493 334 280
494 26 20
495 25 180
496 365 200
497 142 90
498 113 90
499 270 40
500 128 80
501 400 20
502 145 40
503 185 20
504 155 80
505 101 260
506 386 180
507 203 210
508 346 80
509 55 270
510 361 301
511 394 40
512 95 40
513 392 80
514 219 360
515 398 30
516 285 40
517 296 40
518 361 40
519 162 90
520 126 160
521 49 160
522 308 80
523 140 320
524 13 220
525 55 260
526 311 140
527 209 290
528 167 210
529 207 80
530 361 170
531 66 60
532 315 0
533 293 180
534 215 260
535 145 90
536 227 330
537 316 80
538 228 230
539 161 80
540 27 0
541 187 340
543 7 100
544 176 70
545 96 350
546 36 110
547 378 230
548 273 410
549 385 40
550 220 40
551 188 100
552 110 70
553 323 230
554 69 280
555 229 40
556 158 40
557 298 60
558 22 180
559 117 20
560 102 40
561 80 340
562 16 170
563 200 70
564 340 410
565 79 80
566 194 90
567 191 80
568 129 100
569 363 340
570 144 140
571 235 212
572 347 180
573 290 250
574 311 240
575 232 0
576 186 320
577 335 110
578 299 330
579 302 90
580 65 0
581 172 330
582 121 70
583 175 80
584 25 250
585 127 80
586 377 390
587 191 200
588 143 200
589 236 40
590 284 180
591 2 190
592 368 310
593 19 160
594 264 80
595 354 0
596 211 210
597 101 290
598 55 440
599 49 120
600 353 80
601 103 80
602 56 0
603 220 130
604 109 390
605 254 140
606 198 60
607 222 20
608 382 90
609 19 310
610 334 200
611 162 160
612 188 160
613 302 170
614 84 240
615 144 170
616 288 60
617 1 0
618 128 310
619 349 20
620 353 190
621 330 160
622 79 90
623 387 120
624 365 320
625 103 400
626 74 160
627 62 80
628 255 240
629 131 220
630 45 290
631 226 40
632 250 80
633 147 112
634 20 20
635 317 60
636 34 460
637 101 360
638 262 130
639 337 130
640 5 260
641 160 240
642 234 250
643 237 80
644 359 20
645 385 90
646 297 200
647 97 250
648 124 80
649 279 100
650 2 20
651 265 130
652 13 150
653 301 160
654 98 70
655 141 60
656 330 80
657 259 180
658 119 410
659 136 300
660 102 150
661 232 50
662 161 180
663 388 340
664 74 80
665 22 80
666 293 80
667 162 40
668 293 200
669 386 40
670 64 140
671 65 160
672 244 20
673 348 170
674 124 240
675 364 200
677 284 20
678 142 212
679 301 220
680 191 150
681 108 270
682 314 60
683 115 130
684 256 230
685 384 220
686 351 301
687 240 140
688 252 160
689 5 320
690 207 140
691 319 280
692 370 280
693 297 80
694 315 60
695 159 280
696 237 140
697 105 60
698 278 200
699 62 470
700 37 0
701 163 190
702 4 240
703 396 70
704 223 420
705 288 120
706 15 40
707 197 60
708 34 160
709 185 60
710 101 430
711 205 80
712 57 370
713 191 330
714 376 40
715 362 410
716 71 230
717 282 60
719 47 412
720 300 290
721 232 130
722 135 20
723 101 460
724 67 60
725 192 342
726 337 310
727 87 310
729 264 140
730 8 150
731 193 70
732 314 100
733 309 40
734 267 0
735 70 40
736 181 180
737 214 150
738 350 190
739 6 80
740 158 140
741 101 80
742 201 20
743 198 200
744 200 330
745 358 180
746 293 250
747 86 40
748 356 0
749 379 270
750 181 300
751 141 130
752 372 60
753 46 40
754 310 340
755 49 80
756 183 20
757 392 180
758 236 310
759 181 80
760 280 190
761 15 100
762 391 170
763 227 150
764 61 40
765 73 220
766 98 20
767 77 20
768 182 200
769 114 60
770 35 330
771 157 100
772 164 220
773 1 140
774 354 160
775 366 300
776 333 100
777 382 240
778 148 480
779 312 320
780 390 80
781 326 180
782 81 160
783 68 110
784 345 0
785 47 30
786 8 40
787 353 50
788 192 302
789 210 230
790 108 110
791 241 80
792 45 40
793 357 90
794 177 330
795 84 140
796 17 310
797 261 250
798 233 70
799 297 290
800 184 60
