200
1 27 70
2 73 240
3 35 260
4 61 120
5 3 60
6 11 80
7 40 230
8 63 180
9 55 20
10 63 260
11 67 230
12 51 210
13 7 260
14 52 220
15 75 150
16 4 80
17 6 100
18 54 220
19 41 40
20 65 20
21 74 230
22 7 80
23 58 0
24 3 180
25 28 20
26 35 110
27 27 40
28 72 170
29 30 80
30 48 40
31 11 210
32 35 240
33 41 230
34 43 80
35 23 190
36 78 130
37 38 0
38 73 100
39 48 80
40 54 310
41 59 220
42 40 190
43 27 280
44 59 40
45 60 60
46 70 80
47 1 250
48 76 80
49 70 160
50 72 0
51 1 40
52 36 80
53 76 180
54 18 290
55 16 290
56 50 120
57 60 220
58 40 0
59 51 290
60 8 250
61 27 130
62 75 80
63 46 40
64 49 60
65 31 80
66 18 230
67 33 50
68 38 100
69 36 180
70 78 310
71 80 230
72 59 270
73 13 240
74 29 40
75 28 70
76 13 100
77 8 320
78 37 190
79 8 90
80 12 190
81 20 0
82 66 130
83 79 130
84 80 180
85 69 40
86 59 250
87 65 180
88 18 170
89 21 240
90 63 40
91 7 310
92 25 60
93 51 170
94 6 20
95 25 250
96 74 150
97 73 40
98 20 280
99 47 240
100 15 40
101 74 80
102 39 210
103 13 60
104 32 80
105 16 40
106 66 230
107 66 80
108 34 150
109 79 200
110 50 150
111 32 170
112 25 70
113 29 250
114 4 240
115 57 60
116 31 200
117 35 40
118 9 80
119 41 270
120 55 200
121 8 200
122 29 110
123 6 200
124 74 260
125 78 80
126 54 100
127 74 180
128 34 80
129 55 90
130 18 80
131 62 70
132 33 130
133 57 230
134 65 120
135 46 130
136 23 60
137 22 60
138 57 150
139 52 130
140 6 270
141 64 190
142 21 80
143 68 200
144 50 40
145 10 290
146 39 260
147 41 170
148 41 150
149 50 220
150 12 80
151 39 160
152 45 140
153 3 100
154 15 80
155 35 120
156 42 190
157 67 200
158 62 210
159 30 240
160 33 190
161 3 240
162 30 160
163 39 120
164 27 230
165 63 90
166 47 80
167 4 180
168 68 0
169 25 160
170 16 80
171 34 220
172 1 110
173 11 90
174 46 230
175 23 20
176 8 130
177 50 300
178 55 280
179 5 60
180 69 240
181 48 160
182 41 60
183 29 200
184 32 310
185 80 90
186 8 0
187 49 240
188 18 60
189 21 160
190 73 210
191 28 140
192 1 170
193 12 110
194 54 180
195 59 140
196 20 80
197 4 120
198 37 120
199 55 110
200 77 220
