200
1 27 71
2 73 301
3 35 260
4 61 80
5 3 40
6 11 100
7 40 240
8 63 180
9 55 20
10 63 260
11 67 240
12 51 210
13 7 80
14 15 140
15 75 80
16 30 80
17 6 130
18 54 240
19 5 80
20 65 60
21 74 250
22 7 130
23 58 20
24 3 180
25 28 71
26 35 110
27 27 40
28 72 121
29 30 200
30 48 80
31 11 210
32 35 241
33 41 40
34 43 80
35 23 150
36 78 130
37 38 0
38 73 100
39 48 100
40 54 340
41 59 270
42 40 250
43 27 300
44 59 40
45 60 60
46 70 80
47 1 190
48 76 80
49 70 290
50 72 40
51 1 40
52 36 80
53 76 180
54 18 290
55 16 290
56 50 40
57 60 240
58 40 0
59 51 320
60 8 260
61 27 131
62 75 120
63 46 40
64 49 80
65 31 290
66 18 230
67 33 100
68 38 100
69 36 180
70 78 320
71 80 260
72 59 340
73 13 210
74 29 271
75 28 250
76 13 100
77 8 340
78 37 330
79 8 91
80 12 240
81 20 40
82 66 190
83 79 141
84 80 200
85 69 50
86 59 250
87 65 220
88 18 110
89 21 260
90 63 40
91 28 330
92 25 220
93 51 111
94 6 20
95 25 170
96 74 120
97 73 241
98 20 310
99 47 250
100 15 200
101 74 80
102 39 250
103 13 240
104 77 60
105 16 310
106 5 250
107 66 270
108 34 151
109 79 211
110 50 190
111 32 120
112 25 260
113 29 41
114 4 250
115 57 60
116 31 140
117 35 40
118 9 80
119 77 270
120 55 210
121 8 201
122 29 181
123 6 60
124 74 280
125 78 80
126 54 120
127 74 180
128 34 101
129 55 90
130 18 20
131 62 70
132 33 40
133 57 280
134 65 160
135 46 160
136 23 61
137 22 21
138 57 181
139 52 131
140 6 270
141 64 210
142 62 130
143 68 230
144 50 70
145 10 300
146 39 121
147 41 210
148 49 60
149 50 260
150 12 1
151 39 300
152 45 100
153 3 80
154 15 210
155 35 121
156 42 100
157 67 300
158 62 210
159 78 260
160 33 190
161 3 160
162 30 120
163 39 210
164 41 80
165 63 90
166 47 100
167 4 180
168 68 0
169 25 80
170 16 60
171 34 260
172 1 280
173 11 130
174 46 270
175 23 21
176 8 131
177 50 150
178 55 110
179 5 0
180 69 260
181 48 180
182 20 101
183 29 131
184 42 310
185 80 120
186 8 0
187 49 230
188 47 80
189 21 101
190 73 211
191 28 121
192 1 110
193 12 160
194 54 200
195 19 130
196 20 81
197 4 80
198 37 120
199 55 120
200 6 230
