1000 4950
1 8
1 195
1 249
1 484
1 535
1 593
1 657
1 736
1 741
1 747
1 814
1 898
2 10
2 11
2 38
2 46
2 51
2 73
2 104
2 106
2 256
2 416
2 530
2 557
2 599
2 656
2 820
3 171
3 225
3 375
3 477
3 624
3 762
3 791
3 802
3 838
4 20
4 152
4 187
4 209
4 353
4 368
4 492
4 537
4 762
4 975
5 254
5 274
5 279
5 362
5 490
5 663
5 800
5 865
5 909
6 64
6 111
6 168
6 234
6 507
6 645
6 743
6 748
6 883
6 980
7 18
7 286
7 368
7 431
7 574
7 746
7 774
7 830
7 943
8 126
8 172
8 180
8 224
8 291
8 339
8 489
8 526
8 644
8 647
8 664
8 680
8 752
8 856
8 973
9 68
9 341
9 733
9 823
9 935
10 141
10 198
10 247
10 274
10 297
10 502
10 808
10 870
10 964
11 120
11 293
11 317
11 348
11 433
11 557
11 579
11 705
11 785
11 857
11 999
12 80
12 169
12 193
12 551
12 608
12 656
12 781
12 991
13 46
13 96
13 149
13 366
13 598
13 941
14 62
14 71
14 201
14 296
14 632
14 671
14 749
14 986
15 56
15 191
15 241
15 329
15 373
15 612
15 655
15 868
15 912
15 920
15 983
16 404
16 413
16 514
16 581
16 609
16 612
16 693
16 792
16 834
16 847
16 858
16 868
16 869
17 146
17 164
17 165
17 541
17 733
17 814
18 30
18 222
18 255
18 306
18 321
18 485
18 570
18 593
18 846
18 885
18 931
19 33
19 323
19 336
19 617
19 661
19 720
19 781
19 860
19 879
20 42
20 61
20 87
20 97
20 159
20 286
20 332
20 334
20 361
20 498
20 938
21 32
21 39
21 53
21 266
21 391
21 406
21 511
21 519
21 564
21 675
21 890
21 935
21 953
22 420
22 581
22 595
22 785
22 859
23 97
23 158
23 278
23 301
23 374
23 577
23 583
23 611
23 696
23 719
23 929
24 58
24 103
24 110
24 401
24 428
24 587
24 782
24 825
24 869
25 37
25 76
25 201
25 299
25 390
25 613
26 32
26 136
26 434
26 537
26 568
26 592
26 615
26 665
26 756
26 890
26 946
27 55
27 335
27 336
27 359
27 486
27 529
27 653
27 674
27 873
28 338
28 374
28 487
28 737
29 503
29 555
29 729
29 861
29 924
29 948
30 269
30 399
30 488
30 572
30 628
30 706
30 973
31 41
31 111
31 186
31 220
31 287
31 442
31 581
31 754
31 810
32 330
32 399
32 409
32 429
32 535
32 547
32 559
32 770
32 863
32 886
32 926
33 77
33 341
33 720
33 847
33 848
33 881
33 928
33 939
34 152
34 299
34 327
34 405
34 427
34 645
34 696
34 915
34 946
34 993
35 368
35 587
35 961
36 269
36 454
36 606
36 963
37 276
37 331
37 413
37 642
37 783
37 833
37 869
37 871
37 930
37 977
38 69
38 225
38 281
38 312
38 317
38 378
38 453
38 487
38 556
38 641
40 105
40 183
40 201
40 317
40 426
40 505
40 594
40 718
40 792
40 968
40 970
41 94
41 155
41 241
41 301
41 376
41 573
41 791
41 902
41 920
41 999
42 81
42 178
42 217
42 267
42 377
42 494
42 532
42 544
42 583
42 652
42 659
42 777
42 941
42 998
43 44
43 157
43 256
43 343
43 426
43 433
43 493
43 741
43 832
43 848
43 877
43 958
44 227
44 228
44 556
44 680
44 698
44 717
44 853
44 889
44 892
44 900
44 902
45 318
45 408
45 452
45 595
45 763
45 927
45 928
45 985
46 117
46 424
46 431
46 622
46 781
47 124
47 145
47 296
47 352
47 456
47 472
47 592
47 685
47 755
47 800
47 863
47 968
48 80
48 148
48 180
48 503
48 588
48 647
48 653
48 767
48 871
49 114
49 162
49 213
49 407
49 410
49 438
49 804
49 811
49 941
50 53
50 89
50 206
50 299
50 405
50 788
50 825
51 340
51 400
51 415
51 416
51 442
51 789
51 952
51 957
52 81
52 149
52 304
52 496
52 545
52 779
52 959
52 991
53 146
53 577
53 794
53 805
53 872
53 973
54 67
54 70
54 127
54 150
54 205
54 267
54 308
54 337
54 512
54 583
54 601
54 707
54 714
54 764
55 262
55 751
55 870
56 70
56 160
56 324
56 346
56 370
56 616
56 740
57 176
57 256
57 713
57 853
57 896
58 112
58 113
58 274
58 283
58 304
58 420
58 502
58 581
58 635
58 748
59 63
59 119
59 152
59 156
59 282
59 311
59 579
59 691
59 738
59 815
59 934
59 975
59 987
60 270
60 294
60 318
60 372
60 593
60 626
60 932
61 149
61 188
61 200
61 206
61 219
61 323
61 391
61 474
61 548
61 761
61 887
61 997
62 65
62 89
62 113
62 231
62 489
62 539
62 773
63 83
63 365
63 444
63 650
63 701
63 751
63 789
63 975
64 429
64 590
64 621
64 885
64 903
65 188
65 197
65 205
65 353
65 409
65 413
65 515
65 564
65 580
65 716
65 820
65 838
65 856
65 969
66 244
66 358
66 387
66 690
66 744
66 834
66 836
66 996
67 146
67 349
67 353
67 363
67 389
67 552
67 577
67 582
67 605
67 919
67 955
68 83
68 89
68 160
68 164
68 198
68 238
68 301
68 344
68 585
68 618
68 915
68 929
69 151
69 163
69 274
69 339
69 363
69 462
69 497
69 688
69 711
70 214
70 392
70 525
70 596
70 672
70 686
70 850
70 890
70 949
70 977
71 79
71 155
71 318
71 342
71 408
71 412
71 421
71 456
71 598
71 688
71 740
71 752
71 787
71 823
71 826
71 832
71 899
72 88
72 215
72 350
72 628
72 693
72 708
72 771
73 390
73 607
73 751
73 878
73 908
74 91
74 205
74 398
74 414
74 512
74 557
74 784
75 79
75 236
75 285
75 348
75 363
75 484
75 650
75 671
75 732
76 118
76 120
76 391
76 502
76 818
76 829
77 151
77 157
77 175
77 252
77 370
77 666
77 718
77 727
77 963
78 86
78 131
78 170
78 329
78 347
78 502
78 521
78 648
78 714
78 718
78 813
78 967
78 1000
79 146
79 241
79 301
79 335
79 558
79 590
79 603
79 939
79 988
80 162
80 179
80 201
80 350
80 358
80 369
80 378
80 409
80 577
80 668
80 729
80 828
80 905
81 268
81 344
81 487
81 615
81 793
81 907
82 107
82 349
82 402
82 478
82 545
82 565
82 633
82 938
82 964
83 522
83 698
83 821
83 852
83 902
83 903
83 956
83 963
84 195
84 355
84 400
84 422
84 455
84 489
84 697
84 718
84 861
84 891
84 996
85 119
85 258
85 805
85 902
85 939
85 975
86 109
86 189
86 253
86 277
86 572
86 578
86 636
86 651
86 701
86 733
86 758
86 808
86 976
87 254
87 263
87 302
87 375
87 384
87 448
87 527
87 644
87 819
87 959
88 93
88 121
88 421
88 453
88 541
88 543
88 731
88 892
88 985
89 187
89 338
89 362
89 401
89 689
89 813
89 824
90 217
90 536
90 545
90 619
90 710
90 815
91 124
91 246
91 287
91 330
91 342
91 693
91 744
92 658
92 669
92 725
92 869
92 952
93 114
93 297
93 381
93 469
93 474
93 621
93 622
93 845
94 143
94 248
94 379
94 431
94 524
94 535
94 626
94 664
94 720
94 740
94 760
94 903
94 905
95 168
95 228
95 362
95 405
95 478
95 488
95 506
95 530
95 554
95 644
95 661
95 746
95 839
95 888
96 413
96 734
96 826
96 962
97 438
97 538
97 546
97 623
97 791
98 158
98 430
98 661
98 771
98 957
99 415
99 482
99 510
99 556
99 565
99 740
99 813
100 119
100 208
100 293
100 330
100 334
100 396
100 455
100 478
100 559
100 612
100 811
100 889
101 340
101 399
101 507
101 525
101 555
101 576
101 812
101 820
101 851
101 871
101 907
101 938
102 180
102 422
102 662
102 790
102 804
102 837
102 847
102 848
102 869
102 878
102 886
102 994
103 227
103 332
103 395
103 428
103 439
103 477
103 506
103 597
103 631
103 679
103 712
103 735
103 860
103 892
104 149
104 277
104 462
104 487
104 579
104 630
104 794
104 857
104 919
104 978
104 980
105 113
105 253
105 256
105 319
105 327
105 342
105 540
105 726
105 917
105 972
105 988
106 259
106 281
106 293
106 422
106 451
106 464
106 568
106 626
106 738
106 865
106 954
107 285
107 579
107 676
107 847
107 951
108 226
108 234
108 323
108 422
108 487
108 513
108 779
108 803
108 936
108 989
109 171
109 278
109 650
109 656
109 806
109 864
109 917
110 428
110 451
110 472
110 660
110 678
110 753
110 802
111 485
111 495
111 498
111 553
111 637
111 853
111 861
111 918
111 947
111 964
112 221
112 313
112 416
112 673
112 768
112 800
112 806
112 809
112 872
112 912
113 201
113 227
113 344
113 356
113 394
113 534
113 803
113 909
113 912
113 920
114 147
114 234
114 297
114 317
114 379
114 507
114 583
114 614
114 762
114 820
114 824
114 845
114 880
114 952
115 215
115 555
115 577
115 643
115 714
115 753
116 179
116 198
116 244
116 303
116 353
116 527
116 835
116 896
116 903
116 949
116 951
117 139
117 198
117 350
117 367
117 429
117 548
117 567
117 634
117 702
117 781
118 183
118 306
118 425
118 569
118 574
118 607
118 684
118 987
119 204
119 211
119 227
119 387
119 435
119 551
119 698
119 727
119 810
119 839
119 841
119 845
120 126
120 144
120 196
120 388
120 433
120 505
120 824
120 841
120 866
121 346
121 380
121 391
121 574
121 660
121 683
121 944
122 163
122 238
122 279
122 613
122 853
123 234
123 292
123 458
123 500
123 522
123 671
123 913
123 938
124 151
124 224
124 228
124 304
124 306
124 388
124 505
124 563
124 577
124 608
124 626
124 694
124 764
124 770
124 889
125 157
125 213
125 541
125 622
125 642
125 823
125 907
125 932
125 935
125 971
125 981
126 148
126 280
126 405
126 490
126 540
126 645
126 776
126 844
126 916
126 969
127 136
127 174
127 191
127 237
127 279
127 378
127 383
127 398
127 454
127 481
127 833
127 955
128 457
128 516
128 547
128 581
128 707
128 854
128 935
128 958
128 980
128 996
129 189
129 199
129 280
129 302
129 348
129 377
129 454
129 498
129 756
129 818
129 842
129 861
129 920
130 170
130 195
130 197
130 233
130 265
130 357
130 374
130 444
130 713
130 815
130 941
130 951
130 955
131 186
131 275
131 304
131 349
131 405
131 474
131 508
131 596
131 714
131 790
131 791
131 852
131 866
131 974
132 214
132 225
132 329
132 406
132 523
132 533
132 591
132 615
132 746
132 975
132 996
133 245
133 387
133 550
133 780
133 884
133 894
133 899
134 156
134 468
134 488
134 565
134 679
134 753
134 847
134 866
135 196
135 482
135 577
135 641
135 669
135 796
135 885
135 929
135 984
136 403
136 416
136 455
136 507
136 701
137 273
137 335
137 478
137 526
137 555
137 564
137 585
137 713
137 770
137 802
137 918
137 947
137 999
138 155
138 284
138 304
138 386
138 388
138 458
138 472
138 809
138 867
138 943
138 963
138 991
139 147
139 383
139 579
139 593
139 902
140 183
140 334
140 424
140 593
140 759
140 772
140 848
140 909
140 937
140 976
141 324
141 558
141 607
141 842
141 958
142 395
142 721
142 763
142 818
142 832
142 860
142 866
142 886
142 911
143 337
143 344
143 436
143 555
143 587
143 601
143 627
143 773
143 849
143 977
144 191
144 284
144 332
144 434
144 447
144 519
144 692
144 706
144 710
144 743
144 781
144 809
145 269
145 279
145 404
145 471
145 592
145 656
145 762
145 775
145 863
145 906
145 944
145 979
146 597
146 640
146 655
146 715
146 893
146 920
146 922
146 961
146 965
146 971
146 972
146 974
147 311
147 437
147 625
147 810
147 869
147 879
147 880
147 946
147 973
148 443
148 459
148 492
148 503
148 559
148 600
148 643
148 725
148 800
148 802
148 817
148 901
149 280
149 332
149 431
149 539
149 586
149 725
149 831
149 834
149 850
149 949
149 997
150 217
150 294
150 353
150 432
150 559
150 615
150 632
150 635
150 691
150 744
150 817
150 928
151 167
151 230
151 298
151 326
151 482
151 495
151 502
151 565
151 655
151 781
151 938
152 252
152 298
152 436
152 847
153 449
153 540
153 574
153 584
153 638
153 999
154 222
154 347
154 395
154 419
154 529
154 641
154 664
154 704
154 747
154 870
154 877
154 900
154 971
155 245
155 280
155 293
155 360
155 370
155 536
155 667
155 872
155 936
156 236
156 292
156 294
156 378
156 420
156 459
156 480
156 511
156 530
156 543
156 682
156 777
156 892
156 904
156 997
157 185
157 265
157 301
157 312
157 676
157 747
157 869
157 957
158 236
158 454
158 669
158 754
158 831
158 881
159 205
159 264
159 273
159 335
159 470
159 528
160 188
160 440
160 518
160 553
160 724
160 775
160 964
161 252
161 494
161 496
161 504
161 606
161 616
161 675
161 858
161 897
161 969
161 970
161 987
162 445
162 654
162 683
162 703
162 720
162 889
162 930
163 251
163 388
163 662
163 673
163 789
163 791
163 884
163 926
163 964
164 196
164 322
164 395
164 449
164 719
164 975
165 327
165 345
165 373
165 383
165 422
165 438
165 444
165 473
165 507
165 771
165 847
165 971
166 359
166 539
166 572
166 758
166 864
166 972
167 411
167 421
167 490
167 494
167 507
167 835
167 904
168 556
168 678
168 686
168 701
168 774
168 922
169 202
169 213
169 234
169 241
169 318
169 343
169 413
169 483
169 502
169 504
169 602
169 744
169 772
170 215
170 370
170 513
170 621
170 665
170 686
170 716
171 186
171 260
171 320
171 387
171 415
171 660
171 675
171 853
172 227
172 259
172 317
172 360
172 379
172 440
172 480
172 523
172 748
172 816
172 896
173 220
173 330
173 644
173 697
173 730
173 846
173 847
173 851
173 968
174 279
174 283
174 300
174 316
174 429
174 435
174 559
174 579
174 815
174 890
174 951
174 965
175 470
175 526
175 806
175 841
176 249
176 263
176 272
176 385
176 412
176 497
176 974
177 187
177 236
177 240
177 299
177 315
177 344
177 365
177 532
177 550
177 762
178 182
178 221
178 227
178 234
178 262
178 392
178 497
178 886
179 425
179 532
179 559
179 580
179 749
179 923
180 327
180 374
180 428
180 530
180 913
180 995
181 239
181 302
181 341
181 360
181 397
181 406
181 412
181 474
181 540
181 615
181 717
181 884
181 897
181 966
182 196
182 268
182 715
182 987
182 994
183 190
183 224
183 393
183 889
183 893
183 986
184 208
184 217
184 386
184 399
184 453
184 467
184 529
184 635
184 675
184 677
184 719
184 741
184 925
185 218
185 250
185 300
185 333
185 338
185 412
185 416
185 663
185 746
185 830
185 878
186 323
186 380
186 514
186 561
186 630
186 651
186 699
186 773
187 253
187 421
187 468
187 541
187 692
187 890
187 949
188 223
188 225
188 266
188 315
188 447
188 518
188 686
188 705
188 829
188 927
188 962
189 250
189 308
189 351
189 372
189 401
189 679
189 804
189 825
190 233
190 243
190 251
190 288
190 452
190 687
190 806
190 819
191 384
191 400
191 655
191 714
191 848
191 850
191 873
191 953
191 966
192 306
192 349
192 416
192 423
192 437
192 542
192 564
192 590
192 899
192 942
192 956
193 424
193 474
193 621
193 769
193 848
193 933
194 213
194 250
194 289
194 458
194 736
194 765
194 777
194 805
194 890
195 520
195 523
195 573
195 729
195 810
195 860
196 199
196 257
196 335
196 373
196 455
196 505
196 644
196 645
196 763
197 530
197 903
198 240
198 243
198 388
198 451
198 490
198 553
198 672
198 916
199 209
199 214
199 252
199 283
199 331
199 383
199 418
199 590
199 623
199 710
199 859
200 437
200 678
200 882
200 889
200 899
200 908
200 977
201 266
201 438
201 674
201 700
201 741
201 814
201 830
201 916
202 289
202 329
202 366
202 724
202 747
202 905
203 242
203 301
203 391
203 398
203 488
203 572
203 606
203 732
203 797
203 919
203 981
204 674
204 699
204 723
204 745
204 767
204 816
204 996
205 262
205 296
205 330
205 503
205 900
206 301
206 506
206 530
206 596
206 666
206 693
206 745
206 958
207 254
207 581
207 582
207 583
207 635
207 638
207 751
207 752
207 803
207 894
207 961
208 229
208 237
208 389
208 605
208 623
208 672
209 219
209 249
209 327
209 770
209 867
209 878
209 930
209 957
210 217
210 233
210 238
210 271
210 342
210 343
210 568
210 572
210 586
210 770
210 817
211 789
211 799
211 828
211 833
211 856
212 290
212 306
212 353
212 415
212 531
212 582
212 640
212 692
212 756
212 767
212 809
213 503
213 552
213 603
213 673
213 691
213 864
213 925
214 319
214 324
214 609
214 619
214 728
214 731
215 299
215 306
215 361
215 386
215 439
215 443
215 451
215 727
216 257
216 378
216 495
216 591
216 648
216 694
216 722
216 797
216 903
216 942
217 352
217 445
217 511
217 527
217 581
217 820
217 863
217 879
217 910
218 271
218 307
218 394
218 464
218 609
218 695
218 738
219 222
219 228
219 379
219 386
219 441
219 455
219 595
220 222
220 263
220 308
220 334
220 388
220 514
220 618
220 814
221 365
221 451
221 515
221 575
221 677
221 727
221 935
222 333
222 405
222 472
222 499
222 614
222 621
222 686
222 909
222 941
222 948
223 322
223 346
223 422
223 492
223 623
223 657
223 941
223 994
224 290
224 502
224 558
224 589
225 332
225 333
225 542
225 575
225 911
226 250
226 682
226 834
227 295
227 678
227 686
227 761
227 830
227 836
227 845
227 858
227 907
228 313
228 497
228 500
228 577
228 656
228 751
228 838
229 341
229 392
229 627
229 732
229 904
229 927
230 530
230 576
230 751
230 846
230 892
231 297
231 349
231 431
231 673
231 812
231 959
232 460
232 488
232 587
232 606
232 730
232 761
233 255
233 513
233 713
233 868
233 974
234 328
234 405
234 541
234 772
234 774
234 779
234 801
234 945
235 681
235 937
236 280
236 346
236 461
236 564
236 601
236 707
236 712
236 842
236 924
237 356
237 465
237 484
237 699
237 892
238 306
238 379
238 438
238 468
238 752
239 354
239 374
239 473
239 677
239 708
239 734
239 909
240 318
240 706
240 807
240 976
241 294
241 550
241 684
241 866
242 298
242 332
242 346
242 365
242 384
242 424
242 618
242 827
242 840
242 880
242 942
242 962
242 979
242 995
243 492
243 557
243 611
243 755
243 883
243 893
243 997
244 367
244 387
244 448
244 583
244 716
244 823
244 846
245 318
245 425
245 458
245 608
245 612
245 717
245 985
246 275
246 478
246 678
246 772
246 804
246 838
246 889
247 423
247 533
247 634
247 650
247 989
248 340
248 412
248 508
248 697
248 779
248 968
249 285
249 443
249 492
249 522
249 666
249 692
249 707
249 717
249 899
250 279
250 392
250 407
250 748
250 759
250 766
250 918
251 277
251 365
251 403
251 456
251 545
251 748
251 753
251 768
251 814
251 859
251 876
251 953
252 402
252 479
252 514
252 578
252 598
252 601
252 611
252 628
252 908
253 280
253 696
253 839
254 550
254 552
254 571
254 614
254 704
254 777
254 798
254 804
254 952
254 954
254 967
255 286
255 296
255 372
255 492
255 570
255 763
255 779
255 784
255 840
256 358
256 368
256 477
256 566
256 608
256 774
257 288
257 361
257 364
257 408
257 638
257 828
257 944
258 481
258 622
258 702
258 981
259 652
259 654
259 721
259 801
259 918
259 955
260 269
260 331
260 543
260 556
260 721
260 913
261 423
261 633
261 652
261 886
261 921
262 491
262 561
262 641
262 667
262 706
262 814
262 836
262 918
263 354
263 355
263 378
263 552
263 576
263 718
263 781
263 968
264 370
264 456
264 503
264 716
264 747
265 308
265 379
265 537
265 594
265 687
265 799
266 286
266 373
266 814
266 829
266 928
266 977
267 328
267 342
267 428
267 490
267 503
267 737
267 739
267 767
268 333
268 544
268 724
268 746
268 850
268 927
268 943
268 973
268 989
269 368
269 670
269 727
269 937
269 975
270 432
270 437
270 467
270 566
270 739
270 779
270 850
270 998
271 275
271 301
271 304
271 384
271 417
271 606
271 798
271 921
271 935
272 384
272 631
272 755
272 837
272 845
272 906
272 974
273 299
273 319
273 552
273 562
273 578
273 648
273 940
274 279
274 287
274 350
274 363
274 370
274 408
274 432
274 459
274 585
274 597
274 628
274 814
274 889
274 906
275 410
275 414
275 455
275 526
275 740
275 798
276 330
276 586
276 642
276 840
276 850
276 867
277 319
277 336
277 391
277 408
277 549
277 805
277 815
277 825
277 848
277 907
277 995
278 399
278 537
278 576
278 762
278 773
278 884
279 503
279 506
279 568
279 634
279 703
279 722
279 845
279 899
279 958
280 428
280 706
280 732
280 760
280 810
280 910
280 926
281 318
281 375
281 417
281 597
281 607
281 630
281 705
281 827
281 857
281 884
281 897
281 907
281 993
282 298
282 355
282 533
282 554
282 731
282 806
282 910
283 307
283 514
283 740
283 946
284 318
284 323
284 358
284 563
284 749
284 752
284 850
285 337
285 366
285 388
285 420
285 688
285 704
285 783
285 794
285 814
285 953
286 726
286 741
286 776
286 975
286 1000
287 293
287 298
287 415
287 466
287 589
287 725
287 729
287 753
287 938
288 337
288 515
288 519
288 717
288 885
289 575
289 598
289 738
289 752
289 796
289 869
289 885
289 945
289 955
289 967
290 319
290 323
290 332
290 356
290 397
290 587
290 632
290 774
290 855
290 867
290 911
290 973
291 349
291 594
291 604
291 777
291 851
291 902
291 982
292 433
292 478
292 554
292 777
292 794
292 807
292 882
292 967
293 346
293 349
293 466
293 629
293 766
293 780
293 968
294 490
294 676
294 806
294 843
294 844
294 875
295 514
295 694
295 880
296 494
296 568
296 599
296 652
296 781
296 823
296 875
297 618
297 703
297 726
297 853
297 878
297 888
298 334
298 836
298 921
299 497
299 875
299 927
300 379
300 383
300 390
300 478
300 892
300 922
300 938
301 446
301 509
301 777
301 867
301 896
301 950
302 344
302 479
302 522
302 757
302 790
302 878
302 913
302 941
303 328
303 360
303 460
303 623
303 631
303 710
303 714
303 735
303 765
303 827
304 352
304 354
304 388
304 496
304 695
304 787
304 922
304 927
304 937
305 391
305 616
305 811
305 844
306 434
306 622
306 627
306 633
306 655
306 771
306 882
306 887
307 351
307 360
307 422
307 437
307 539
307 598
308 566
308 630
308 679
308 702
308 763
308 830
308 922
308 950
309 449
309 613
309 687
309 793
309 887
309 938
310 311
310 368
310 383
310 474
310 699
310 854
311 423
311 479
311 533
311 573
311 593
311 613
311 718
311 726
311 805
311 914
312 377
312 662
312 800
313 595
313 725
313 884
314 452
314 518
314 794
314 841
314 923
314 926
314 989
315 322
315 387
315 458
315 502
315 520
315 575
315 582
315 602
315 794
315 900
316 502
316 599
316 805
316 943
316 994
317 391
317 506
317 605
317 638
317 701
317 703
317 707
317 730
317 803
317 959
318 473
318 527
318 551
318 602
318 739
318 748
318 837
319 357
319 449
319 726
319 789
319 793
319 897
319 933
320 378
320 403
320 426
320 635
320 650
320 718
320 749
320 955
320 973
321 439
321 509
321 583
321 662
321 694
321 876
321 917
322 337
322 419
322 553
322 677
322 790
322 918
323 324
323 451
323 512
323 718
323 953
323 968
324 338
324 340
324 375
324 546
324 554
324 620
324 638
324 786
324 805
324 847
324 861
324 872
324 877
325 361
325 535
325 539
325 551
325 671
325 714
325 949
325 972
325 977
325 984
326 521
326 538
326 604
326 744
326 812
326 944
327 509
327 788
327 929
328 382
328 391
328 740
328 866
328 917
328 995
329 638
329 775
329 890
329 925
329 993
330 463
330 511
330 536
330 876
330 921
331 409
331 515
331 544
331 710
331 847
331 965
332 530
332 620
332 716
332 759
332 882
332 930
333 436
333 792
333 829
333 881
334 377
334 410
334 466
334 482
334 540
334 602
334 604
334 631
335 409
335 410
335 507
335 510
335 689
335 696
335 899
335 987
335 996
336 411
336 527
336 659
336 738
336 778
336 814
336 867
336 883
336 995
337 432
337 585
337 685
337 920
337 992
338 415
338 448
338 530
338 593
338 854
338 961
338 992
339 385
339 501
339 557
339 751
339 818
339 897
340 394
340 396
340 415
340 469
340 499
340 580
340 850
340 862
340 883
341 372
341 431
341 474
341 528
341 899
341 1000
342 348
342 412
342 726
342 764
342 778
342 784
342 791
342 823
342 864
343 474
343 534
343 575
343 697
343 744
343 750
343 760
344 381
344 542
344 846
344 897
344 920
344 990
345 367
345 491
345 584
345 658
345 753
345 797
345 846
345 888
345 979
346 512
346 613
346 830
346 926
347 370
347 620
347 662
347 666
347 753
347 789
347 865
347 940
347 983
348 356
348 493
348 631
348 686
348 697
348 781
348 924
349 426
349 579
349 600
349 601
349 691
349 734
349 883
350 400
350 455
350 493
350 647
350 666
350 774
350 779
350 845
351 512
351 546
351 839
351 907
352 567
352 652
352 675
353 396
353 417
353 505
353 531
353 758
353 790
354 389
354 475
354 603
354 617
354 684
354 803
355 418
355 571
355 604
355 793
355 808
355 929
355 959
355 979
356 411
356 639
356 643
356 652
356 667
356 832
356 935
357 508
357 577
357 772
357 846
357 865
358 478
358 536
358 679
358 710
358 813
358 995
358 1000
359 470
359 670
359 706
359 767
359 780
359 831
359 916
360 364
360 440
360 701
360 802
360 895
360 925
361 386
361 484
361 530
361 553
361 580
361 605
361 632
361 673
361 747
361 855
361 890
362 429
362 555
362 587
362 637
362 662
362 692
362 846
363 707
363 719
363 774
363 984
363 994
363 998
364 586
364 607
364 770
364 832
364 913
364 981
365 626
365 657
365 756
365 961
366 444
366 516
366 544
366 715
366 740
366 927
367 736
367 758
367 768
367 797
367 910
368 387
368 851
368 896
368 951
368 988
369 382
369 402
369 444
369 504
369 571
369 658
369 735
369 753
369 864
369 944
369 949
369 978
370 465
370 545
370 578
370 579
370 591
370 729
370 793
370 810
370 815
370 873
370 974
371 428
371 489
371 544
371 607
371 637
371 666
371 725
371 780
371 916
371 975
371 993
372 381
372 417
372 722
372 729
372 781
372 940
373 431
373 481
373 520
373 581
373 927
374 510
374 522
374 567
374 572
374 622
374 712
374 743
374 849
374 935
374 941
375 391
375 435
375 619
375 707
375 830
375 882
376 502
376 554
376 601
376 670
376 830
377 442
377 473
377 546
377 686
377 729
377 767
377 824
377 923
377 933
378 458
378 521
378 685
378 879
378 885
378 930
379 524
379 660
379 684
379 824
379 887
379 903
379 906
380 782
380 794
380 798
380 834
380 878
380 978
380 981
381 619
381 677
381 683
381 784
381 881
382 664
382 734
382 797
382 912
383 570
383 751
383 816
383 907
384 540
384 652
384 675
384 694
384 724
384 765
384 879
384 994
385 672
385 796
385 839
385 889
386 453
386 460
386 462
386 467
386 475
386 595
386 819
386 955
387 394
387 401
387 418
387 664
387 729
387 791
387 811
388 418
388 474
388 673
388 753
388 831
388 835
388 973
389 434
389 450
389 556
389 568
389 575
389 665
389 704
389 832
389 943
389 955
390 588
390 674
391 396
391 575
391 844
391 969
392 628
392 711
392 744
392 977
392 985
393 435
393 543
393 576
393 677
393 722
393 752
393 850
393 876
394 582
394 680
394 721
394 780
394 843
395 671
395 716
395 759
395 820
395 847
395 968
395 969
396 418
396 582
396 628
396 780
396 951
397 511
397 512
397 540
397 566
397 632
397 702
397 963
398 421
398 612
398 897
398 983
399 615
399 704
399 744
399 757
399 789
399 880
399 990
400 422
400 429
400 660
400 670
400 702
400 789
400 896
400 985
401 484
401 627
401 743
402 445
402 624
402 648
402 733
402 790
403 436
403 522
403 546
403 587
403 711
403 810
403 827
403 847
403 852
403 935
404 663
404 691
404 769
404 783
404 919
404 955
405 575
405 612
405 665
405 878
406 450
406 633
406 639
406 699
406 700
406 755
406 946
407 573
407 692
407 848
407 889
408 525
408 600
408 614
408 694
408 707
408 762
408 962
409 774
409 965
410 567
410 586
410 587
410 833
410 913
411 466
411 630
411 755
411 890
411 967
412 416
412 521
412 808
412 906
413 417
413 468
413 515
413 751
413 767
413 779
413 816
413 844
413 993
414 660
414 807
414 871
414 875
414 981
415 483
415 589
415 666
415 725
415 794
415 810
415 865
415 932
415 987
416 559
416 561
416 717
416 804
416 933
416 942
416 986
416 995
417 501
417 852
417 958
418 551
418 809
418 892
418 924
418 972
418 1000
419 457
419 494
419 535
419 740
419 802
419 862
419 958
419 989
420 495
420 994
421 431
421 453
421 476
421 722
422 480
422 743
422 802
422 844
423 428
423 610
423 688
423 718
424 552
424 676
424 759
424 803
424 946
425 534
425 568
425 736
425 769
425 838
425 951
426 452
426 545
426 596
426 680
426 772
427 469
427 472
427 547
427 598
427 656
427 720
427 741
427 808
428 465
428 630
428 782
428 951
428 993
429 728
429 942
430 473
430 738
430 742
430 771
430 822
430 976
431 467
431 492
431 664
431 873
431 888
432 524
432 694
432 873
433 584
433 625
433 649
433 851
433 879
433 972
433 974
434 509
434 545
434 635
434 841
434 852
434 893
435 777
435 778
435 907
435 936
436 439
436 561
436 672
436 755
436 853
436 882
436 966
437 445
437 459
437 635
437 636
437 719
437 789
437 895
437 923
437 948
438 468
438 520
438 790
438 806
438 946
439 458
439 538
439 569
439 713
439 820
439 854
439 921
440 448
440 598
440 859
441 517
441 518
441 673
441 973
441 992
442 495
442 607
442 657
442 709
442 826
442 858
443 465
443 469
443 471
443 473
443 562
443 674
443 808
443 810
443 838
443 949
444 549
444 552
444 728
444 821
444 845
445 473
445 488
445 589
445 650
445 738
445 757
445 782
445 898
445 985
446 529
446 630
446 739
446 926
446 999
447 452
447 572
447 657
447 705
447 711
447 778
447 813
447 853
447 998
448 668
448 791
448 826
448 935
448 974
449 464
449 468
449 519
449 553
449 571
449 686
449 763
449 825
449 890
450 477
450 515
450 572
450 578
450 688
450 738
451 588
452 534
452 549
452 596
452 658
452 717
452 759
452 789
452 796
452 892
453 512
453 558
453 636
453 772
453 950
454 623
454 924
454 954
455 473
455 537
455 558
455 616
455 659
455 690
455 727
455 767
455 907
455 970
456 516
456 597
456 617
456 663
456 669
456 858
456 911
456 936
457 600
457 678
457 949
457 972
458 477
458 490
458 555
458 620
458 629
458 668
458 716
458 758
458 909
459 602
459 751
459 912
459 996
460 635
460 808
460 950
460 960
461 679
461 733
461 736
461 890
461 903
461 930
462 504
462 543
462 570
462 600
462 629
462 831
463 574
463 604
463 700
463 728
463 802
463 926
464 642
464 786
464 838
464 907
464 925
465 502
465 636
465 768
465 802
465 819
465 851
465 887
465 947
465 988
466 499
466 536
466 848
466 923
467 618
467 679
467 697
467 801
467 872
467 901
467 949
468 502
468 678
468 837
468 933
469 553
469 662
469 790
469 858
469 954
469 963
470 561
470 608
470 678
470 832
470 867
470 900
470 921
471 479
471 502
471 656
471 804
471 849
471 898
472 569
472 608
472 620
472 640
472 824
472 865
472 872
473 500
473 531
473 613
473 779
473 827
473 847
473 933
473 935
473 949
474 516
474 830
474 917
475 605
475 608
475 638
475 642
475 799
475 812
475 922
475 923
476 579
476 880
476 891
476 955
476 978
477 571
478 514
478 519
478 538
479 485
479 664
479 800
479 809
479 839
480 659
480 777
481 504
481 521
481 552
481 568
481 634
481 665
481 770
481 794
481 838
481 988
482 501
482 655
482 803
482 867
482 871
483 681
483 722
483 753
483 768
483 788
483 854
483 980
484 522
484 566
484 599
484 696
484 873
484 900
484 957
484 959
485 492
485 513
485 725
485 759
485 760
485 935
486 490
486 678
486 756
486 871
486 983
487 822
487 931
488 749
488 797
488 801
488 808
488 822
489 511
489 571
489 665
489 832
489 849
490 517
490 581
490 697
490 887
490 906
490 957
491 514
491 584
491 656
492 498
492 565
492 726
492 752
492 883
492 909
492 919
492 940
493 684
493 798
493 868
493 971
493 979
494 534
494 554
494 606
494 622
494 703
494 876
494 946
494 984
495 740
495 861
495 936
495 954
496 547
496 552
496 703
496 731
496 774
496 794
496 841
496 900
497 675
497 938
498 780
498 919
498 933
499 505
499 548
499 648
499 756
499 897
500 518
500 531
500 605
500 618
500 681
501 837
501 906
501 960
502 620
502 703
502 706
502 775
502 986
503 611
503 870
504 593
505 544
505 699
506 532
506 564
506 596
506 860
506 906
506 970
506 992
507 891
508 517
508 530
508 724
508 759
508 892
508 897
509 577
509 600
509 654
509 772
510 632
510 934
510 982
511 596
511 680
511 686
511 778
511 868
512 752
512 763
512 804
512 838
512 841
512 994
513 669
513 870
514 613
514 833
514 938
514 956
515 684
515 914
515 960
516 646
516 690
516 697
516 813
516 899
517 677
517 845
517 868
517 976
518 530
518 571
518 695
518 751
518 767
518 839
518 990
519 521
519 528
519 575
519 706
519 728
519 791
519 890
519 913
519 977
519 983
519 991
520 577
520 770
520 796
521 608
521 631
521 639
521 648
522 544
522 634
522 747
522 886
522 890
523 632
523 634
523 741
523 765
524 528
524 649
524 920
524 959
525 647
525 684
525 742
525 837
525 851
525 879
525 979
526 740
526 770
526 773
526 861
527 744
527 885
527 921
527 932
528 768
528 780
528 852
528 967
529 537
529 567
529 715
529 749
529 765
530 589
530 690
530 699
530 701
530 703
530 733
530 756
530 760
530 881
531 717
531 759
531 837
532 568
532 587
532 648
532 959
533 544
533 889
533 899
533 911
534 688
534 905
534 907
535 704
535 706
535 977
536 563
536 678
536 792
537 616
537 623
537 748
537 894
537 940
538 577
538 746
538 814
538 842
538 902
538 917
538 951
539 660
539 702
539 776
539 794
539 859
539 956
540 621
540 709
540 761
540 828
540 854
541 633
541 651
541 810
541 904
542 545
542 914
543 621
543 760
543 817
543 892
543 900
543 940
543 988
544 689
544 727
544 741
544 753
544 813
545 621
545 627
545 970
546 773
546 780
546 802
546 997
547 634
547 799
547 956
547 994
548 781
549 686
549 717
549 721
549 755
549 860
549 996
550 594
550 603
550 679
550 697
550 778
550 954
551 564
551 742
551 768
551 771
551 773
551 902
551 959
552 554
552 1000
553 800
553 943
553 983
554 694
554 722
554 841
554 870
554 919
554 979
555 634
555 745
555 762
556 642
556 648
556 838
556 922
556 987
557 587
557 835
558 651
559 715
559 795
559 820
559 831
559 860
559 918
560 726
560 738
560 777
560 792
560 867
560 876
560 880
560 911
560 972
560 995
561 576
561 657
561 678
561 689
561 702
561 816
561 884
561 984
562 583
562 640
562 669
562 740
562 887
562 892
562 901
563 672
563 746
563 782
563 954
564 612
564 743
564 827
564 846
564 932
565 632
565 693
565 751
565 902
565 928
566 624
566 685
566 816
567 603
567 690
567 713
567 739
567 746
567 848
567 856
567 968
568 710
568 737
569 728
569 923
569 938
570 580
570 768
570 800
570 872
571 752
571 773
572 613
572 749
572 807
572 971
573 586
573 716
573 829
573 980
573 987
573 993
574 588
574 595
574 628
574 836
574 949
575 617
575 805
575 939
575 973
576 601
576 650
576 844
577 646
577 991
578 714
578 715
578 720
578 891
578 907
578 924
579 592
579 616
579 701
579 755
579 926
579 927
579 941
580 608
580 656
580 720
580 765
580 800
581 608
581 677
581 695
581 709
581 818
581 829
581 871
582 663
582 887
583 594
583 598
583 634
583 742
583 831
583 881
583 899
584 588
584 911
584 927
584 958
585 736
585 896
586 621
586 632
586 760
586 922
587 796
587 809
587 811
587 852
588 819
589 614
589 815
590 708
590 732
590 758
590 801
590 811
591 761
591 976
591 986
592 612
592 715
592 721
593 751
593 793
594 670
594 765
594 786
594 792
594 804
594 863
594 901
594 954
595 970
596 645
596 692
596 774
596 798
596 842
596 854
597 747
597 810
597 840
597 889
597 920
598 637
598 763
598 771
598 879
598 986
599 696
599 708
599 782
599 871
599 953
600 826
600 941
601 683
601 766
602 615
602 851
602 979
602 995
603 680
603 914
604 700
604 824
604 894
604 991
605 672
605 756
605 857
606 631
606 742
606 859
606 989
608 621
608 651
608 667
608 709
608 890
608 926
608 978
609 681
609 712
609 765
609 859
609 935
610 661
610 767
610 800
610 802
610 882
610 990
611 688
611 704
611 780
611 812
611 860
611 946
612 978
613 705
613 746
613 768
613 786
613 788
613 891
613 922
613 927
613 940
614 707
614 815
615 627
615 862
615 883
615 950
616 690
616 720
616 851
616 952
617 763
617 916
618 654
618 789
618 795
618 838
618 873
618 875
618 949
620 766
620 800
620 838
620 941
621 733
621 896
621 947
622 828
623 636
623 645
623 772
623 779
623 822
623 915
623 948
624 866
624 896
624 981
625 807
625 833
628 679
628 724
628 774
628 803
628 833
629 739
629 809
629 865
630 755
630 807
631 638
631 713
631 989
632 674
632 849
632 960
632 984
633 657
633 662
633 672
633 679
633 778
633 857
633 902
633 961
633 987
633 993
634 642
634 715
634 750
634 829
634 847
634 861
635 655
635 667
635 788
635 805
635 858
636 677
636 842
637 859
637 991
638 954
639 705
640 665
640 666
640 739
640 808
640 823
640 891
641 833
641 965
642 669
642 685
643 884
643 914
644 660
644 798
644 991
645 708
646 660
646 769
646 778
646 827
646 859
646 944
646 951
647 862
647 884
647 971
648 684
648 767
648 849
648 860
648 905
648 925
649 654
649 845
649 861
649 977
649 986
650 760
650 945
650 982
651 718
651 772
651 809
651 879
652 784
652 916
652 951
653 681
653 813
653 911
655 835
656 659
656 849
656 895
657 709
659 716
659 718
659 920
659 982
660 664
660 764
660 828
660 959
661 837
662 858
662 891
662 962
662 993
663 884
663 966
663 971
664 762
664 837
664 844
664 907
665 732
665 766
665 815
665 854
665 940
666 731
666 749
666 972
667 675
667 801
667 851
667 914
668 766
668 780
668 785
669 680
669 889
669 952
670 752
670 841
671 793
672 795
672 848
673 838
674 700
674 871
675 702
675 772
675 784
676 794
676 929
677 693
677 729
677 758
677 849
677 866
678 703
678 709
678 771
679 765
679 886
679 894
679 923
679 954
679 978
680 688
680 761
680 831
680 957
681 708
681 806
681 848
681 903
681 917
681 994
682 972
683 828
683 991
684 778
685 694
685 719
685 857
685 915
686 968
686 978
689 825
689 963
690 704
690 706
690 710
690 720
690 771
690 892
690 944
691 767
693 751
693 827
693 922
693 962
693 980
694 735
694 769
694 823
695 979
695 980
696 915
696 952
697 726
697 779
697 833
697 836
697 970
698 796
698 998
699 716
699 728
699 797
699 955
700 764
700 870
701 711
701 972
702 728
702 840
702 989
703 730
703 808
704 711
704 716
704 806
705 727
705 759
705 846
706 959
707 880
708 713
708 927
709 819
709 858
709 866
709 875
709 979
710 736
710 748
710 944
710 947
710 968
711 734
711 793
711 980
712 736
712 831
712 846
712 910
713 788
713 834
714 723
716 767
716 874
716 905
716 964
717 901
717 936
719 996
720 892
721 784
721 785
721 911
721 983
722 912
722 957
723 736
723 782
723 814
723 842
723 876
723 892
724 823
725 807
725 862
725 894
725 924
725 979
726 878
727 826
728 937
729 764
729 881
731 889
732 734
732 840
732 997
733 749
733 903
733 954
734 764
734 802
734 829
735 750
735 762
736 910
736 949
737 909
738 786
739 860
739 989
739 999
741 793
741 864
742 744
742 745
742 750
742 769
742 933
742 962
742 999
743 763
743 773
743 857
744 832
744 920
745 936
746 813
746 857
747 923
747 957
748 890
749 759
749 761
749 914
749 959
750 832
750 840
750 946
751 842
751 996
752 796
752 805
752 885
753 784
753 995
754 768
754 867
755 839
755 900
755 939
757 837
757 956
757 967
758 994
759 957
760 865
760 936
760 972
760 992
762 837
762 909
762 945
762 980
763 858
764 802
764 825
764 848
764 864
764 1000
765 875
765 949
765 977
766 864
766 912
766 946
766 951
766 959
766 985
767 827
767 927
768 909
769 820
770 982
770 983
771 785
771 861
771 865
771 932
771 933
773 875
773 928
773 984
775 842
775 873
775 992
776 851
776 863
777 823
777 936
777 944
777 958
778 796
778 816
778 855
778 897
779 828
779 857
779 911
780 808
780 912
781 998
782 849
782 920
782 958
782 980
783 832
783 993
784 816
785 880
786 902
786 955
787 903
787 944
787 964
789 893
789 939
790 928
791 886
792 983
793 812
793 833
793 942
794 869
794 925
794 939
794 998
795 813
795 817
796 889
797 909
797 1000
798 981
799 812
799 928
799 956
800 851
800 865
801 847
801 995
802 806
802 847
803 875
803 917
803 953
803 990
803 998
804 859
804 871
804 886
805 845
805 918
805 970
806 901
806 966
807 898
807 954
808 926
808 960
809 999
809 1000
810 870
810 896
810 955
812 944
813 824
813 920
813 938
814 912
815 960
816 859
816 867
816 977
817 867
818 969
818 986
818 987
819 887
819 923
820 845
821 916
821 922
822 843
822 999
823 824
823 854
823 866
823 965
823 968
824 980
826 892
826 960
826 966
828 898
828 929
828 970
828 986
829 887
829 940
829 982
830 863
830 992
831 998
832 920
832 973
833 886
833 926
833 962
834 940
834 997
835 924
836 988
837 873
837 915
838 911
839 906
839 922
840 893
840 914
840 921
841 906
841 918
842 965
843 855
843 887
843 968
843 983
845 976
845 981
847 896
847 923
848 893
848 906
849 909
849 939
849 969
851 949
853 999
854 931
854 966
855 914
855 935
855 985
856 917
857 932
857 945
858 864
858 969
859 962
860 862
860 878
860 970
861 924
862 918
862 944
862 977
863 907
863 934
863 986
864 924
865 871
865 889
866 869
866 909
868 895
868 917
868 936
869 976
870 878
871 983
871 991
872 994
874 882
874 922
875 887
875 890
878 899
878 956
879 938
879 977
880 990
882 919
883 998
885 888
885 890
885 932
886 933
887 905
887 921
887 936
889 951
889 979
891 935
892 995
894 911
894 914
894 918
895 938
895 951
896 927
897 959
898 987
899 942
899 965
900 988
902 970
903 951
905 970
906 967
906 976
906 981
907 974
908 943
908 972
910 940
910 948
910 949
911 930
911 959
912 949
914 969
914 996
917 970
918 929
919 966
920 975
921 932
921 997
927 933
927 983
929 938
929 955
932 990
936 946
938 998
939 967
939 973
942 943
943 950
943 951
944 948
946 956
946 975
947 968
949 990
950 954
950 964
952 968
955 976
959 970
960 995
961 988
962 969
968 999
972 987
977 991
986 996
993 995
993 999
13 76 17 26 72 9 6 85 96 94 15 21 68 24 54 85 55 85 22 81 20 19 9 94 33 59 45 98 30 5 33 25 20 10 40 93 46 24 31 84 68 60 15 90 4 33 99 7 71 1 52 35 74 13 78 84 81 97 58 23 56 79 10 9 20 74 56 85 2 29 11 7 4 13 92 8 43 26 53 58 10 67 80 90 63 44 50 32 31 25 48 6 9 99 51 75 3 93 87 73 98 64 18 17 25 6 65 43 30 89 23 62 1 94 3 24 75 88 39 12 94 3 96 10 38 70 77 59 41 43 3 81 62 53 27 99 79 55 4 31 97 76 12 60 9 22 85 37 69 47 8 32 79 99 45 32 81 37 28 52 38 63 68 15 5 81 54 37 4 2 86 63 68 10 14 19 25 48 39 43 10 54 52 87 69 63 36 37 43 91 18 87 87 17 17 6 89 17 81 58 75 71 56 28 66 50 60 6 93 79 65 40 34 75 52 49 3 49 70 29 66 53 58 94 62 3 19 37 64 10 82 78 92 34 72 86 13 68 9 81 27 88 92 60 49 33 24 65 75 1 20 87 9 88 16 34 75 19 20 44 20 43 78 77 48 4 36 50 47 51 16 41 31 14 60 13 27 16 39 47 20 69 64 36 92 56 75 61 20 50 87 81 13 56 82 15 87 19 42 22 16 60 44 72 91 46 75 94 38 46 55 84 63 91 45 64 65 62 96 57 40 77 74 5 14 45 100 96 1 81 40 63 82 98 43 72 9 44 76 16 100 84 48 29 19 52 62 61 32 56 82 74 45 44 96 47 8 23 39 5 74 74 27 19 83 24 99 54 1 6 76 92 79 67 17 96 89 70 41 71 54 63 10 26 67 11 27 77 59 80 2 51 65 38 84 35 14 59 99 98 76 73 15 79 13 24 73 85 86 95 34 55 5 71 67 10 67 78 66 10 45 39 70 11 8 43 29 13 50 31 85 18 21 35 56 53 64 83 100 56 75 48 7 37 25 6 91 42 64 26 38 23 74 23 55 55 18 63 73 5 99 36 41 97 59 43 6 93 95 94 9 30 32 69 47 31 57 57 21 45 1 70 2 13 84 33 85 32 98 64 55 81 1 89 53 6 45 79 83 83 46 46 41 89 41 98 51 7 100 9 23 82 99 87 71 18 31 14 39 65 95 91 78 72 9 60 61 100 92 4 34 1 33 94 70 50 85 64 83 81 7 33 23 32 53 16 21 97 42 26 11 76 4 95 66 93 74 27 3 61 67 46 75 77 93 5 68 14 89 14 94 96 86 44 79 84 12 64 1 27 61 94 64 88 68 20 50 71 81 14 87 59 16 96 15 98 49 2 91 10 49 12 18 1 25 66 17 74 84 76 62 44 3 49 88 30 15 30 90 24 29 6 42 80 44 68 6 48 66 56 28 73 13 70 45 95 86 52 44 67 71 74 33 49 24 52 78 3 26 91 33 40 40 100 58 15 70 2 96 68 15 28 58 96 23 72 52 72 77 32 47 46 14 93 47 6 82 59 75 19 6 48 62 68 5 42 10 63 45 6 76 6 15 37 6 59 86 84 58 15 26 40 15 2 76 23 34 75 12 36 5 97 73 37 64 19 11 83 52 56 48 40 76 99 14 34 37 36 13 15 62 50 81 80 24 57 43 35 51 31 64 55 90 60 90 68 50 61 56 40 2 21 34 16 7 78 80 6 9 50 68 58 84 96 71 31 83 38 42 49 80 22 14 52 17 7 83 4 18 60 77 74 16 7 20 32 65 57 96 62 54 7 30 74 59 53 83 32 81 85 30 4 1 72 1 42 19 57 10 52 58 92 62 64 43 6 29 6 92 89 100 15 89 87 78 77 73 31 7 56 48 83 88 12 17 56 57 90 32 18 44 78 17 73 95 65 45 97 17 76 80 86 25 32 30 65 18 69 94 12 30 77 16 60 5 15 72 97 36 66 41 62 65 6 65 84 20 28 80 67 40 26 55 2 65 65 16 57 14 33 7 79 60 74 13 4 4 2 43 45 64 61 4 83 78 67 84 49 42 2 1 18 65 66 40 26 6 6 40 44 82 26 42 42 72 30 86 32 34 45 26 99 87 60 4 80 21 73 40 49 36 95 42 81 100 90 29 78 69 12 11 31 23 10 29 51 76 15 18 13 35 80 93 48 28 50 16 19 6 87 4 70 75 4 20 6 99 11 91 54 73 88 72 25 92 65 26 1 26 94 29 44 79 17 8 27 12 76 13 75
100
11 11 9 25 6 16 23 46 30 16 31 8 41 12 4 50 40 5 5 45 21 6 28 3 45 0 17 11 38 6 38 12 44 2 10 8 44 47 12 5 43 46 49 22 36 18 31 29 48 35 26 7 2 25 12 39 13 15 35 7 48 5 42 26 28 44 33 33 35 0 26 1 23 46 2 13 45 40 34 33 12 41 18 18 29 27 17 22 10 19 48 3 5 47 30 38 4 22 41 33
5983
1 31 39
1 33 68
1 52 73
1 83 57
1 88 89
2 5 56
2 7 38
2 54 2
3 93 16
3 18 85
3 42 24
3 92 86
4 1 2
4 7 77
4 18 76
4 20 21
4 24 97
4 32 21
4 33 72
4 39 86
4 44 55
4 45 88
4 47 36
4 51 71
4 54 64
4 61 46
4 72 66
4 75 72
4 82 25
4 86 47
4 87 97
4 91 82
4 96 42
5 10 11
5 32 35
5 54 14
5 67 60
5 76 96
5 79 70
5 84 92
6 62 89
6 16 35
6 30 9
6 98 33
7 42 54
7 31 44
7 52 80
7 74 18
7 91 52
7 93 34
7 97 48
7 98 75
8 17 21
8 7 79
8 18 26
8 63 87
8 86 40
9 64 56
9 18 81
9 26 91
9 38 73
9 42 15
9 44 55
9 58 49
9 80 76
10 82 59
10 6 72
10 12 100
10 24 5
10 64 76
10 96 51
11 68 41
11 8 8
11 9 100
11 48 49
11 69 73
12 65 89
12 19 95
12 30 53
12 44 66
12 79 24
13 17 74
13 1 71
13 34 99
13 59 59
13 67 69
13 78 99
13 83 52
13 86 77
13 99 85
14 79 44
14 5 88
14 18 87
14 58 76
14 67 47
14 73 2
14 75 1
14 78 91
15 25 57
15 23 81
15 41 26
15 100 83
16 30 52
16 64 52
16 89 46
17 10 97
17 3 58
17 9 63
17 12 96
17 27 39
17 42 43
17 64 43
17 72 84
17 76 63
17 91 9
18 10 66
18 27 38
18 36 62
18 81 62
18 97 21
18 98 76
19 3 49
19 46 100
19 60 79
19 65 41
19 100 53
20 26 58
20 11 55
20 14 9
20 99 41
21 15 9
21 1 40
21 13 89
21 17 98
21 40 32
21 54 81
21 79 100
21 98 42
22 84 43
22 38 76
22 52 50
22 58 72
22 70 95
22 76 24
23 55 7
23 22 30
23 64 99
23 97 57
24 97 97
24 38 98
24 57 25
24 73 97
24 82 26
24 87 81
24 99 53
25 51 72
25 9 9
25 27 9
25 47 23
25 54 70
25 59 64
25 72 36
25 86 27
25 92 80
25 96 27
26 78 9
26 21 77
26 44 39
26 47 13
26 96 48
27 90 71
27 12 25
27 24 85
27 31 46
27 46 48
27 56 75
27 66 49
27 70 2
27 84 42
27 98 48
28 90 84
28 3 40
28 32 1
28 56 34
28 68 90
29 22 45
29 3 45
29 19 72
29 20 77
29 23 41
29 34 97
29 55 69
29 62 77
29 70 66
29 74 54
29 82 48
29 84 14
29 92 99
29 97 46
29 99 23
30 68 90
30 38 93
31 13 7
31 21 70
31 42 51
31 78 87
31 94 72
31 95 96
32 45 41
32 4 2
32 8 24
32 24 53
32 39 50
32 53 59
32 55 2
33 99 8
33 5 31
33 13 88
33 35 22
33 41 72
33 65 98
33 76 83
33 78 84
33 79 53
33 87 12
33 95 23
34 19 53
34 10 49
34 11 27
34 56 68
35 58 92
35 13 35
35 37 100
35 39 91
35 100 91
36 61 58
36 44 82
36 77 78
36 83 78
36 89 64
37 10 96
37 27 61
37 44 27
37 51 20
37 92 76
38 57 28
38 13 27
38 27 50
38 65 40
38 76 29
38 89 3
39 59 10
39 12 31
39 32 99
39 38 29
39 44 100
39 51 28
39 54 5
39 61 19
39 64 20
39 73 24
39 75 79
40 34 60
40 92 23
41 30 79
41 13 3
41 48 56
41 51 34
41 57 39
41 92 82
42 13 31
42 7 56
42 46 1
42 48 43
42 95 10
43 42 72
43 24 6
43 26 75
43 36 35
43 60 68
43 78 46
43 89 63
44 36 16
44 15 77
44 45 65
44 83 69
45 97 10
45 31 16
45 34 8
45 82 39
45 99 15
46 75 26
46 2 30
46 50 67
46 91 54
46 96 62
46 100 100
47 20 18
47 11 64
47 26 57
47 47 29
47 48 1
47 59 60
47 69 94
47 81 13
47 97 27
48 70 60
48 2 26
48 13 52
48 21 13
48 74 28
48 82 16
49 94 45
49 3 56
49 5 18
49 54 64
49 75 89
50 59 70
50 74 17
51 24 25
51 17 36
51 25 26
51 61 81
51 69 90
51 81 43
52 5 21
52 43 43
52 67 2
52 94 17
53 66 21
53 5 4
53 26 100
53 28 95
53 39 32
53 63 67
53 73 66
53 98 63
54 19 64
54 4 19
54 5 58
54 20 54
54 26 84
54 71 26
54 73 9
54 77 33
55 65 94
55 26 45
55 36 92
55 61 81
55 66 10
55 70 49
56 28 34
56 3 67
56 31 60
57 13 95
57 14 21
57 18 84
57 84 94
58 69 19
58 16 41
58 21 23
58 22 21
58 67 35
58 95 40
59 45 99
59 62 31
59 72 85
59 73 45
59 79 6
60 60 17
60 2 59
60 29 87
60 82 4
60 84 71
60 87 79
60 100 35
61 80 63
61 16 15
61 21 92
61 42 98
61 66 56
61 77 2
61 81 30
61 91 93
62 43 72
62 18 63
62 22 26
62 26 58
62 40 61
62 71 57
63 3 55
63 57 98
63 96 43
64 40 31
64 83 78
64 98 15
65 52 100
65 29 41
65 85 21
65 86 12
65 93 12
66 86 99
66 67 24
66 74 6
66 76 94
66 79 64
66 80 11
67 26 90
67 7 9
67 38 62
67 54 66
67 86 25
68 88 88
68 4 26
68 7 6
68 26 28
68 33 83
68 41 14
68 91 88
68 97 21
69 78 6
69 35 25
69 40 50
69 41 93
69 58 28
69 62 57
69 87 91
70 24 77
70 6 82
70 10 14
70 17 61
70 33 5
70 34 93
70 50 38
70 76 4
70 77 27
71 2 28
71 6 26
71 9 73
71 28 51
71 54 41
71 58 12
71 60 74
71 67 81
71 75 82
71 84 7
72 7 100
72 2 98
72 10 88
72 37 76
72 52 76
72 59 13
72 77 36
72 99 41
73 42 9
73 1 1
73 18 94
73 22 85
73 56 9
73 85 43
74 13 67
74 17 89
74 93 12
74 94 25
75 95 52
75 2 51
75 4 63
75 23 63
75 32 88
75 42 87
75 54 96
75 56 46
75 57 69
75 63 29
75 67 37
75 71 16
75 96 41
76 73 88
76 7 86
76 12 49
76 16 49
76 33 67
76 60 23
76 94 14
77 26 96
77 41 27
77 56 32
77 57 44
77 63 67
77 73 14
78 47 23
78 16 70
78 29 18
78 41 81
78 54 51
78 93 55
79 72 53
79 14 56
79 25 55
79 29 53
79 39 1
79 78 48
79 81 99
80 55 8
80 22 97
80 62 7
80 80 20
80 84 50
80 92 51
81 52 15
81 25 15
81 28 60
81 69 1
81 89 34
81 90 53
82 96 50
82 16 48
82 19 59
82 45 11
82 52 51
82 60 65
82 72 48
82 90 50
83 19 73
83 26 46
83 56 45
83 74 57
84 41 97
84 59 46
84 61 16
84 83 19
85 53 88
85 21 65
85 37 27
85 40 100
85 51 34
85 67 98
85 86 14
86 55 26
86 2 24
86 6 35
86 9 13
86 22 36
86 43 68
86 47 2
86 54 44
86 90 8
87 33 80
87 14 86
87 15 84
87 34 53
87 45 81
87 58 51
88 19 56
88 34 20
88 38 60
88 39 9
88 64 8
88 82 39
88 97 87
89 19 45
89 8 3
89 16 75
89 18 38
89 25 80
89 36 50
89 44 64
89 72 66
89 87 82
89 97 85
90 64 58
90 4 18
90 16 86
90 20 47
90 96 70
91 7 37
91 11 17
91 88 5
92 100 37
92 4 37
92 5 18
92 23 76
92 29 12
92 47 89
93 43 32
93 17 67
93 18 87
93 19 4
93 25 34
93 30 72
93 47 47
93 71 41
93 86 56
94 51 52
94 7 58
94 26 49
94 27 17
94 47 8
94 56 44
94 99 72
95 23 77
95 3 62
95 4 82
95 12 99
95 51 70
95 68 9
95 83 72
96 38 51
96 44 82
96 60 50
96 63 33
96 79 38
96 80 97
96 94 3
97 57 84
97 1 58
97 22 23
97 35 22
97 79 96
97 93 71
98 29 70
98 5 49
98 32 21
98 90 44
99 51 87
99 3 87
99 12 99
99 13 20
99 27 76
99 37 33
99 48 38
99 71 31
99 73 35
99 82 21
99 97 20
100 59 23
100 6 44
100 58 86
100 62 34
100 92 58
100 94 89
101 88 54
101 42 78
101 75 67
101 85 94
101 96 58
102 40 62
102 83 60
103 42 52
103 27 3
103 39 61
103 73 77
103 76 49
103 80 9
103 86 32
104 7 3
104 14 85
104 15 77
104 21 16
104 25 32
104 47 65
104 65 56
104 78 55
105 11 15
105 37 67
105 62 77
105 92 75
106 93 11
106 13 76
106 43 39
106 66 14
106 77 87
106 83 99
106 88 90
107 21 30
107 6 16
107 19 25
107 28 74
107 38 32
107 40 14
107 55 73
107 63 63
107 65 79
107 69 98
107 79 14
108 29 15
108 31 7
108 50 5
108 60 45
108 67 7
108 78 35
108 99 22
109 58 11
109 33 60
109 91 51
109 100 51
110 95 69
110 5 66
110 7 10
110 31 57
110 37 45
110 47 13
110 56 45
110 59 86
110 72 70
111 28 26
111 27 1
111 49 19
111 62 61
111 65 31
111 85 60
111 87 96
111 94 92
112 21 41
112 19 68
112 59 63
113 48 19
113 23 67
113 38 60
113 43 81
113 55 90
113 77 32
113 93 37
114 87 22
114 5 75
114 31 6
114 52 45
114 69 11
114 73 9
114 84 36
114 85 80
115 19 77
115 2 39
115 18 31
115 21 43
115 47 82
115 49 9
115 50 61
115 56 98
115 67 7
116 3 89
116 33 92
117 62 66
118 21 93
118 13 53
118 35 15
118 44 61
118 55 42
118 68 32
118 77 55
118 85 66
119 71 66
119 32 21
119 33 100
119 36 98
119 45 3
119 62 36
119 78 41
119 87 58
120 95 91
120 11 4
120 28 14
120 43 84
120 50 35
120 53 98
121 1 97
121 74 77
121 84 72
121 100 4
122 52 35
122 37 93
122 47 27
122 71 59
123 34 42
123 28 10
123 62 11
123 67 89
123 77 26
124 86 40
124 49 97
124 70 84
125 17 81
125 5 91
125 24 32
125 32 33
125 40 72
125 57 17
125 84 5
125 89 53
125 91 87
126 34 13
126 39 42
126 83 9
126 86 81
126 92 73
126 100 22
127 34 61
127 29 21
127 49 10
127 69 44
128 49 88
128 59 54
129 74 30
129 20 64
129 41 95
129 53 91
129 67 88
129 82 50
129 95 25
129 97 11
130 10 73
130 22 50
130 28 70
130 30 77
130 72 55
130 76 16
130 84 90
131 61 59
131 45 48
131 53 29
131 77 48
131 81 7
131 91 67
131 99 92
132 8 51
132 4 52
132 14 1
132 30 92
132 41 64
132 49 93
132 51 74
132 80 2
132 94 9
133 38 49
133 2 4
133 30 22
133 49 44
133 74 38
134 66 23
134 40 17
134 52 44
134 73 97
134 82 41
135 82 38
135 33 24
135 48 48
136 62 6
136 1 87
136 3 55
136 17 98
136 72 62
137 27 69
137 11 53
137 30 29
137 41 61
137 53 90
137 56 38
137 60 6
137 63 9
137 92 66
138 50 43
138 3 5
138 14 49
138 32 24
138 33 71
138 53 73
138 60 51
138 74 13
138 80 75
139 57 52
139 12 35
139 22 65
139 25 13
139 33 77
139 44 66
139 99 62
140 91 50
140 5 10
140 58 99
140 68 64
141 80 88
141 27 35
141 56 31
141 62 16
141 63 84
141 67 59
141 73 21
141 74 50
141 83 47
141 98 47
142 94 82
142 27 55
142 84 34
143 39 44
144 68 5
144 24 88
144 59 36
144 85 50
145 43 90
145 5 19
145 13 1
145 73 50
145 76 14
145 77 29
146 5 95
146 21 44
146 26 36
146 38 74
146 76 46
146 80 28
146 87 7
147 100 70
147 26 19
147 81 53
148 28 29
148 26 18
148 35 59
148 44 56
148 46 33
148 52 80
148 79 83
149 72 75
149 14 40
149 19 32
149 73 50
149 89 63
150 86 24
150 17 41
150 81 47
150 94 50
151 69 47
151 2 9
151 60 52
151 64 36
151 86 94
151 96 83
152 39 67
152 1 19
152 13 7
152 26 50
152 34 45
152 55 50
152 74 43
152 79 59
153 66 90
153 1 96
153 21 7
153 42 1
153 51 83
153 57 11
153 69 47
153 70 24
154 46 84
154 19 26
154 20 77
154 50 99
154 77 2
154 95 67
155 64 17
155 9 35
155 11 9
155 81 89
156 94 9
156 24 26
156 53 41
156 64 5
156 82 81
157 24 86
157 7 46
157 14 80
157 17 64
158 99 87
158 9 99
158 11 100
158 42 70
158 65 31
159 22 64
159 8 4
159 17 65
159 21 76
159 89 61
160 67 1
160 3 8
160 31 94
160 47 40
160 48 95
160 59 16
160 68 60
161 49 2
161 4 84
161 5 13
161 7 46
161 8 5
161 11 52
161 12 39
161 28 17
161 41 71
161 61 91
162 54 24
162 25 15
162 37 16
162 81 26
163 20 72
163 28 68
163 68 40
163 91 32
164 75 39
164 22 85
165 78 97
165 2 22
165 7 80
165 13 72
165 31 52
165 57 10
165 72 48
165 76 1
165 80 19
165 84 5
166 84 74
166 14 88
166 24 49
166 33 45
166 51 100
166 99 12
167 50 35
167 74 99
168 19 36
168 11 46
168 14 79
168 39 47
168 57 37
168 75 50
169 21 58
169 7 94
169 38 4
169 51 67
169 58 58
169 88 30
169 89 1
169 91 49
169 92 79
170 29 68
170 6 39
170 44 31
170 53 20
170 67 52
170 89 95
171 97 33
171 22 51
171 25 40
171 73 63
172 31 61
172 4 87
172 22 70
173 25 67
173 5 67
173 7 45
173 11 54
173 72 95
173 83 54
173 88 17
173 93 73
174 55 35
174 8 56
174 26 66
174 70 2
175 90 12
175 50 53
175 97 3
175 100 99
176 59 25
176 55 82
176 63 25
176 85 41
177 5 72
177 1 96
177 2 25
177 35 98
177 59 13
177 93 34
178 95 35
178 1 12
178 10 88
178 25 28
178 27 39
178 75 16
178 81 47
178 93 5
179 92 13
179 9 30
179 10 33
179 24 8
179 34 53
179 40 61
179 56 50
179 64 29
180 24 79
180 1 34
180 9 23
180 46 75
180 55 67
180 95 41
181 82 73
181 19 32
181 25 90
181 83 6
181 87 100
182 31 24
182 16 74
182 36 98
182 60 53
182 62 68
182 68 38
183 27 77
183 16 13
183 35 86
183 71 33
183 80 82
183 86 43
183 93 10
183 100 26
184 60 89
184 4 28
184 12 9
184 25 50
184 55 42
184 62 58
184 89 42
185 47 11
185 41 70
185 57 25
185 64 44
185 96 9
186 67 28
186 14 8
186 41 91
186 44 50
186 48 11
186 97 53
186 98 14
187 91 25
187 8 8
187 50 98
187 79 58
188 82 18
188 1 5
188 34 65
188 40 31
188 41 63
188 43 3
188 46 43
188 48 33
188 57 47
189 96 68
189 5 63
189 9 8
189 13 93
189 26 61
189 33 1
189 34 91
189 52 15
189 83 97
189 94 75
190 68 36
190 16 80
190 23 46
190 28 47
190 59 12
190 88 26
191 55 98
191 4 3
191 15 76
191 45 57
191 68 6
191 100 61
192 94 79
192 1 42
192 39 72
192 41 46
192 49 100
193 59 97
193 7 36
193 66 97
194 16 76
194 14 37
194 19 23
194 24 40
194 49 11
194 54 25
194 60 43
194 69 9
195 3 60
195 11 31
195 30 82
195 35 39
195 66 12
195 89 79
195 95 84
196 25 73
196 17 82
196 47 37
196 60 47
196 79 9
197 29 94
197 1 93
197 11 15
197 36 5
197 96 99
198 88 53
198 1 57
198 5 63
198 25 41
198 66 43
198 69 17
198 79 33
198 100 71
199 37 7
199 6 50
199 14 48
199 90 88
199 93 97
200 18 48
200 42 15
200 49 28
200 54 37
200 67 2
201 32 23
201 9 37
201 13 56
201 40 44
201 63 78
201 80 11
201 82 23
202 99 27
202 65 27
202 73 67
202 77 45
202 79 18
202 82 88
202 96 97
203 28 79
203 19 3
203 44 43
203 57 57
203 78 49
203 87 63
203 89 26
203 91 91
204 42 99
204 33 52
204 43 98
204 49 46
204 78 33
204 96 57
205 66 65
205 9 29
205 32 72
205 65 89
205 90 56
206 33 21
206 21 55
206 67 29
206 71 15
206 96 50
206 98 38
207 91 84
207 47 83
207 59 43
207 64 25
207 72 80
208 37 91
208 2 47
208 17 88
208 28 95
208 51 81
208 54 39
208 79 9
208 82 50
208 97 22
209 46 44
209 30 93
209 36 49
209 39 58
209 44 23
209 63 28
209 88 54
210 83 97
210 19 77
210 23 77
210 74 24
210 91 36
211 62 45
211 15 70
211 22 14
211 30 65
211 32 90
211 52 43
211 76 65
211 89 67
211 99 57
212 38 15
212 11 46
212 12 63
212 32 86
212 45 5
212 64 54
212 98 46
213 51 58
213 6 41
213 13 62
213 20 85
213 27 91
213 33 25
213 37 93
213 86 60
213 91 53
214 21 40
214 25 38
214 39 86
214 44 96
214 49 64
214 54 15
214 66 4
214 87 48
214 93 100
214 98 92
215 6 24
215 5 74
215 22 14
215 26 43
215 27 30
215 29 68
215 65 66
215 99 69
216 80 40
216 17 57
216 48 73
216 70 48
216 90 35
216 95 74
217 74 3
217 3 14
217 47 88
217 97 4
218 98 49
218 5 29
218 17 42
218 19 10
218 31 38
219 61 5
219 11 100
219 26 68
220 90 4
220 9 29
220 20 83
220 31 11
220 37 15
220 40 68
220 43 72
220 50 23
220 66 4
220 87 86
220 88 58
220 98 28
221 38 41
221 30 76
221 31 43
221 51 54
221 63 11
221 77 93
221 91 79
222 63 46
222 7 45
222 34 42
222 59 46
223 10 70
223 3 1
223 16 60
223 42 86
223 65 5
223 100 15
224 95 85
224 40 37
224 75 11
224 77 93
224 81 46
224 84 12
224 93 97
225 38 13
225 29 82
225 37 41
225 47 57
225 71 63
225 96 7
226 88 25
226 1 88
226 96 3
227 23 26
227 2 40
227 4 46
227 18 90
227 19 67
227 35 93
227 57 47
227 92 26
228 26 59
228 5 5
228 24 57
228 37 61
228 57 58
228 60 10
228 71 93
228 82 37
228 88 42
228 89 32
229 74 20
229 82 18
230 7 76
230 4 67
230 11 34
230 40 10
230 55 88
230 64 45
230 65 62
231 54 62
231 10 51
231 23 38
231 66 61
231 67 86
231 76 12
232 14 63
232 43 29
232 83 45
232 98 23
233 17 66
233 44 62
234 41 53
234 2 37
234 6 57
234 78 61
234 79 98
235 35 64
235 3 73
235 5 69
235 24 76
235 42 89
235 46 72
235 61 40
236 23 14
236 14 86
236 24 57
236 30 79
236 39 75
236 56 10
236 75 57
236 85 28
237 13 53
237 45 93
237 68 80
238 81 48
238 5 12
238 18 55
238 71 71
239 28 99
239 5 18
239 8 97
239 15 46
239 18 5
239 24 45
239 88 67
240 92 10
240 58 27
240 62 7
241 24 38
241 8 8
241 67 96
242 53 68
242 20 85
242 39 42
242 51 5
242 89 62
242 91 87
242 96 2
243 92 43
243 57 22
243 66 68
243 79 51
243 100 96
244 62 11
244 91 84
244 94 93
245 62 4
245 8 20
245 24 78
245 27 57
246 83 52
246 14 49
246 25 69
246 34 27
246 38 59
246 41 63
246 64 16
246 97 29
247 75 63
247 8 5
247 16 56
247 34 38
247 47 53
247 56 11
247 67 30
247 83 17
248 62 17
248 11 26
248 18 17
248 32 11
248 42 50
248 57 8
248 67 26
249 99 52
249 15 77
249 65 91
249 89 20
249 90 68
250 49 13
250 73 18
251 93 82
251 20 78
251 21 11
251 40 86
251 65 98
251 69 92
252 29 35
252 18 11
252 38 98
252 50 49
252 60 92
252 70 48
252 79 1
252 95 66
253 35 36
253 15 86
253 36 57
253 63 50
254 43 10
254 16 75
254 26 60
254 58 67
254 75 46
254 81 61
254 92 36
254 95 100
255 56 57
255 84 77
256 57 35
256 10 34
256 20 56
256 27 44
256 50 49
256 80 74
256 82 23
256 89 16
257 67 90
257 13 43
257 16 47
257 27 7
257 45 15
257 85 61
258 39 82
258 2 70
258 18 39
258 79 52
258 85 91
259 16 93
259 2 14
259 20 12
259 75 45
259 78 60
260 45 98
260 2 84
260 21 37
260 23 92
261 23 77
261 11 98
261 61 87
261 73 20
261 90 48
262 4 66
262 1 34
262 42 71
262 48 30
262 61 18
262 70 11
262 81 33
262 96 58
263 91 76
263 11 9
263 68 6
263 86 93
264 11 56
264 10 72
264 19 65
264 26 84
264 67 7
264 92 54
264 95 38
265 6 23
265 1 16
265 36 20
265 45 54
265 59 47
265 74 100
265 90 44
266 41 20
266 19 6
266 21 84
266 28 98
266 30 4
266 90 12
267 26 73
267 1 3
267 3 36
267 56 66
267 75 90
267 82 60
268 96 84
268 43 61
268 98 59
269 81 82
269 46 51
269 49 39
269 62 79
269 73 8
270 34 94
270 30 56
270 36 59
270 55 83
270 57 98
270 60 80
271 82 60
271 1 16
271 6 55
271 10 76
271 32 94
271 46 22
271 60 13
271 73 88
272 100 91
272 27 9
273 82 50
273 17 63
273 27 52
273 47 46
273 65 51
273 79 5
274 2 11
274 68 17
274 70 85
274 78 63
274 97 39
275 38 59
275 8 45
275 11 80
275 26 2
275 32 61
275 54 72
275 89 30
275 91 28
276 89 74
276 26 94
276 33 84
276 38 19
276 46 78
277 31 10
277 22 67
277 35 14
277 38 48
277 45 36
278 18 42
278 7 66
278 8 77
278 9 48
278 33 79
278 54 93
278 64 54
278 68 78
278 78 64
279 67 13
279 27 34
279 44 96
279 60 83
279 68 53
279 75 97
279 82 45
280 41 56
280 15 63
280 22 98
281 53 87
281 8 96
281 30 93
281 72 40
282 35 67
282 12 67
282 44 43
282 55 3
282 71 81
282 85 21
283 56 89
283 9 37
283 14 98
283 54 36
283 67 32
283 72 27
284 73 66
284 53 51
284 68 69
284 71 17
284 77 90
284 78 56
284 79 75
284 93 99
285 93 98
285 3 32
285 39 56
285 83 55
286 27 30
286 59 46
286 61 80
286 66 26
286 77 84
286 99 25
287 98 17
287 28 86
287 51 18
287 82 19
287 87 44
288 65 2
288 10 58
288 13 79
288 37 43
288 52 67
288 81 34
289 40 66
289 3 80
289 20 21
289 34 90
289 80 78
290 97 75
290 7 69
290 18 36
290 33 84
290 49 40
290 62 13
290 100 84
291 14 25
291 20 68
291 29 7
291 35 59
291 64 100
291 82 64
292 91 76
292 8 93
292 33 5
292 36 81
292 42 61
292 65 79
292 99 95
293 6 11
293 11 67
293 23 70
293 64 31
293 76 91
293 91 3
294 83 62
294 5 59
294 16 77
294 55 99
295 97 74
295 15 56
295 20 38
295 43 42
295 65 55
296 82 91
296 8 65
296 11 7
296 32 54
296 44 76
296 56 71
296 59 22
296 63 35
296 65 43
296 92 24
297 99 3
297 25 74
297 38 20
297 43 50
297 78 31
297 87 88
298 72 65
298 8 9
298 9 23
298 28 76
298 30 92
298 37 3
298 61 81
298 69 50
299 52 13
299 3 45
299 38 66
299 62 93
299 75 59
299 90 43
300 95 74
300 15 16
300 16 30
300 23 4
300 24 47
300 42 11
300 50 2
300 66 82
301 73 90
301 31 83
301 36 95
301 61 26
301 92 88
302 89 29
302 22 41
302 54 86
302 55 37
302 57 28
302 74 91
303 70 10
303 5 74
303 8 80
303 19 22
303 25 42
303 72 62
303 99 85
304 59 46
304 1 11
304 16 16
304 58 74
304 63 45
304 64 53
304 79 61
304 93 21
304 96 87
305 57 96
305 70 58
306 50 93
306 5 13
306 22 55
306 23 98
306 24 1
306 44 46
306 60 10
306 68 93
306 71 89
306 92 7
307 66 82
307 3 3
307 10 4
307 36 60
308 21 29
308 13 26
308 35 84
308 94 64
308 95 68
309 53 80
309 16 67
309 18 31
309 46 44
309 60 87
309 74 6
310 50 52
310 19 9
310 58 2
310 62 94
311 3 60
311 25 86
311 66 85
312 64 70
312 26 90
312 34 47
312 43 68
313 87 81
313 13 10
313 24 29
313 28 42
313 62 76
314 92 70
314 2 52
314 8 7
314 14 97
314 18 39
314 20 95
314 22 97
314 35 48
314 81 20
314 86 59
315 78 96
315 21 96
315 23 6
315 27 7
315 53 98
316 61 20
316 14 5
316 27 86
316 48 28
316 73 88
316 96 26
317 67 7
317 24 47
318 17 41
318 92 76
318 94 41
319 54 10
319 14 93
319 34 55
319 46 9
319 49 86
320 23 29
320 29 60
320 62 62
320 68 84
320 70 43
320 72 17
320 92 4
321 29 95
321 25 8
321 44 28
321 56 26
321 69 72
321 81 87
321 99 15
322 32 7
322 9 26
322 74 25
322 99 64
323 78 41
323 5 62
323 10 94
323 12 24
323 49 63
323 50 71
323 58 5
324 35 31
324 7 50
324 68 4
324 71 34
324 83 45
324 94 87
324 96 6
325 21 28
325 3 22
325 11 5
325 26 48
325 50 30
325 97 51
326 74 31
326 14 97
326 16 97
326 25 66
326 54 95
326 87 59
326 89 48
327 51 17
327 5 52
327 12 18
327 25 59
327 66 73
327 76 9
328 33 59
328 9 40
328 64 16
328 74 97
328 78 2
328 90 60
329 57 6
329 20 30
329 25 84
329 39 44
329 73 76
329 79 36
329 81 93
330 76 16
330 26 65
330 52 20
330 56 57
330 71 29
331 50 71
331 7 8
331 37 34
331 61 82
331 62 97
331 67 78
331 70 93
332 6 31
332 1 18
332 24 53
332 44 79
332 65 51
332 95 27
333 41 52
333 10 10
333 51 6
333 64 91
333 77 45
333 93 38
333 100 13
334 87 79
334 26 5
334 32 34
334 35 5
334 46 27
334 66 71
334 72 46
334 89 14
335 39 17
335 17 41
335 18 26
335 27 27
335 43 95
336 96 24
336 73 100
337 21 73
337 23 98
337 24 69
337 32 73
337 41 75
337 85 2
337 86 32
337 94 21
337 95 46
338 52 10
338 1 34
338 8 6
338 19 84
338 31 39
338 61 3
338 63 13
338 65 54
338 97 29
339 16 31
339 30 6
339 39 46
339 90 53
340 78 42
340 11 79
340 12 72
340 18 70
340 70 63
340 76 98
340 80 77
341 88 54
341 59 80
341 61 10
341 62 54
341 68 50
341 72 20
342 65 55
342 46 71
342 79 97
343 100 48
343 23 23
343 98 25
344 59 12
344 31 30
344 33 36
344 75 53
345 16 86
345 79 69
345 88 10
346 63 14
346 7 9
346 8 30
346 14 33
346 23 81
346 27 22
346 53 44
346 67 37
346 94 10
347 17 87
347 63 56
347 81 17
348 34 64
348 37 38
348 38 44
348 69 65
348 77 40
348 87 100
348 88 22
348 92 96
348 93 50
348 99 50
349 55 28
349 9 57
349 28 27
349 43 78
349 72 95
349 77 70
350 43 92
350 35 13
350 41 3
350 45 82
350 54 5
350 58 34
350 81 3
351 3 74
351 7 58
351 8 59
351 32 30
351 64 25
352 56 22
352 13 2
352 16 79
352 26 15
352 48 62
353 78 11
353 9 86
353 11 3
353 33 48
353 62 48
353 94 31
354 61 77
354 55 60
355 54 19
355 21 68
355 38 94
355 39 24
356 89 7
356 5 65
356 9 59
356 17 37
356 29 8
356 30 66
356 47 8
356 51 80
356 78 12
356 82 33
356 83 69
357 63 31
357 10 45
357 13 43
357 23 2
357 52 63
357 59 90
357 85 86
357 87 45
358 17 3
358 9 89
358 11 4
358 31 60
358 36 10
358 40 54
359 54 21
359 31 97
359 35 32
359 96 79
360 82 27
360 8 27
360 11 78
360 12 90
360 61 75
360 74 27
360 76 2
360 83 74
361 10 3
361 64 80
361 96 35
362 91 53
362 53 46
362 84 47
362 86 51
362 99 9
363 30 99
363 64 91
363 65 21
363 77 58
364 48 58
364 28 73
364 33 34
364 56 9
364 63 91
364 75 23
364 76 70
364 79 62
365 64 40
365 5 82
365 13 73
365 19 96
365 22 91
365 23 33
365 30 32
365 76 46
365 95 61
366 29 85
366 24 70
366 49 96
366 64 35
366 67 73
366 69 58
366 73 25
366 90 94
367 68 97
367 2 27
367 6 28
367 12 75
367 16 16
367 67 77
367 77 13
368 63 8
368 24 20
368 41 17
368 71 52
368 89 3
368 95 22
369 99 79
369 23 9
369 25 8
369 36 14
369 54 21
369 63 76
369 65 29
369 80 76
370 59 75
370 14 52
370 35 14
370 56 14
371 43 62
371 5 74
371 46 26
371 49 1
371 63 93
371 82 35
371 97 46
372 32 58
372 4 31
372 54 70
372 78 36
373 44 88
373 36 78
373 38 53
373 54 74
373 55 94
373 75 100
373 77 4
373 84 61
374 90 29
374 43 25
374 77 2
374 86 100
374 98 43
375 76 77
375 10 19
375 77 12
376 2 30
376 8 53
376 18 100
376 19 32
376 25 16
376 59 31
376 73 95
377 14 13
377 22 76
377 25 75
377 36 87
378 41 97
378 2 91
378 6 94
378 11 78
378 20 88
378 24 78
378 56 42
378 76 15
379 14 33
379 18 39
379 52 29
379 58 90
379 93 9
380 56 19
380 3 45
380 5 64
380 10 33
380 24 8
380 33 27
380 38 62
380 46 5
380 62 25
380 82 68
381 82 26
381 44 71
381 58 18
381 95 71
381 97 61
382 30 83
382 19 39
382 45 23
382 58 76
382 68 49
382 79 26
383 48 71
383 16 28
383 24 7
383 43 72
383 58 89
383 85 44
384 53 54
384 33 6
384 40 43
384 71 53
385 99 19
385 12 55
385 27 29
385 43 42
385 65 63
385 76 87
386 77 43
386 8 62
386 15 27
386 46 17
386 87 94
387 23 59
387 31 92
387 60 89
387 68 41
387 69 50
387 79 31
387 98 36
388 59 25
388 10 6
388 21 14
388 40 50
388 44 46
388 49 77
388 67 81
388 72 30
388 83 83
388 87 89
388 88 41
388 91 47
389 62 75
389 64 45
389 81 52
390 31 19
390 24 19
390 38 59
390 69 95
390 73 7
390 76 60
390 98 10
391 95 49
391 37 27
391 61 79
391 94 12
392 35 22
392 3 73
392 41 28
392 64 20
393 83 75
393 32 45
393 59 94
393 68 71
393 71 79
394 48 21
394 13 95
394 31 47
394 41 51
394 53 9
394 87 69
394 88 51
394 97 96
395 59 59
395 3 42
395 11 69
395 37 41
395 66 20
395 83 43
396 5 8
396 12 42
396 31 100
396 67 92
396 90 34
397 85 74
397 15 78
397 21 50
397 38 60
397 42 20
397 56 35
397 63 52
397 93 83
398 37 64
398 96 9
399 87 75
399 3 74
399 34 3
399 40 36
399 59 35
399 66 84
400 35 50
400 13 15
400 20 32
400 23 81
401 12 54
401 27 56
401 39 58
402 8 9
402 16 63
402 29 61
402 37 94
402 50 57
402 61 70
402 92 37
403 41 56
403 7 38
403 29 76
403 30 13
403 47 14
403 96 100
404 8 42
404 73 95
404 80 85
404 84 28
405 86 42
405 5 20
405 41 90
405 64 23
405 98 92
405 100 74
406 80 53
406 4 8
406 32 50
406 43 61
406 45 59
406 57 31
406 96 74
407 88 98
408 86 11
408 15 33
408 26 10
408 48 69
409 53 80
409 56 74
409 65 88
409 70 88
410 60 80
410 2 10
410 12 77
410 31 83
410 37 44
410 40 2
410 41 86
410 89 25
410 99 74
411 58 75
411 6 90
411 29 31
411 33 35
412 42 97
412 22 68
412 40 56
412 49 22
412 79 33
412 89 42
412 95 71
412 100 82
413 18 56
413 12 68
413 52 61
413 54 6
413 55 16
413 83 17
413 85 4
414 94 42
414 33 34
414 73 58
415 65 30
415 3 2
415 24 93
415 42 42
415 51 48
415 89 82
416 30 39
416 2 58
416 10 45
416 22 20
416 26 74
416 36 35
416 38 85
416 50 76
416 88 7
417 51 91
417 41 95
417 46 45
417 53 32
417 54 26
417 85 40
417 94 78
418 24 99
418 28 23
418 42 8
418 52 3
419 96 33
419 29 11
419 49 25
419 52 9
419 61 31
419 64 13
419 70 94
419 90 65
420 22 20
420 17 82
420 34 17
420 38 35
420 54 19
420 81 39
420 97 16
420 99 82
421 28 26
421 1 8
421 36 100
421 54 16
421 86 97
422 81 52
422 22 65
422 56 45
422 61 47
422 74 16
423 41 96
423 40 53
423 43 58
423 63 15
424 16 15
424 7 24
424 21 56
424 31 91
424 33 39
424 52 12
424 67 88
424 76 19
424 94 44
425 64 69
425 1 38
425 22 68
425 94 87
426 65 25
426 13 68
426 58 86
426 60 21
426 81 9
426 100 76
427 9 18
427 16 55
427 33 85
427 63 71
427 67 54
427 68 73
427 96 45
428 45 83
428 48 75
428 55 60
428 84 22
428 86 40
428 92 87
428 94 1
428 96 2
429 86 92
429 21 41
429 34 57
429 57 6
429 61 69
429 82 15
429 96 31
430 78 78
430 44 25
430 54 81
430 65 60
431 69 88
431 1 8
431 7 16
431 25 55
431 44 100
431 76 76
432 10 23
432 6 18
432 19 76
432 31 32
432 61 64
432 65 10
432 73 19
432 90 3
433 44 40
433 32 19
434 61 52
434 1 62
434 9 22
434 30 14
434 49 13
434 50 75
434 51 14
434 58 32
434 62 31
435 1 49
435 53 94
435 54 26
435 69 47
435 71 7
435 80 70
436 53 81
436 2 57
436 3 79
436 16 66
436 61 29
436 84 68
436 97 59
437 76 78
437 63 86
437 88 49
438 69 50
438 5 78
438 9 69
438 31 56
438 49 83
438 56 13
438 63 20
438 64 22
438 80 21
439 30 23
439 9 2
440 67 29
440 55 55
440 61 61
440 93 79
441 57 35
441 13 5
441 15 88
441 20 88
441 47 42
441 62 67
442 79 70
442 46 56
442 51 76
443 30 87
443 3 82
443 18 99
443 31 90
443 34 65
443 37 74
444 8 30
444 7 70
444 35 83
444 42 90
444 70 30
445 42 96
445 18 26
445 44 9
445 63 84
446 61 15
446 11 46
446 20 49
446 22 64
446 24 79
446 52 53
446 75 39
446 76 77
446 80 62
447 72 66
447 22 55
447 62 37
447 68 23
447 94 58
447 97 81
448 99 70
448 12 45
448 13 43
448 48 98
448 84 7
448 87 71
449 47 38
449 11 31
449 49 70
449 86 2
449 91 44
450 45 83
450 32 47
450 42 78
450 61 5
450 66 74
451 8 34
451 13 36
451 20 57
451 28 73
451 39 5
451 47 4
451 48 59
451 66 100
451 84 29
451 86 12
451 87 85
452 69 18
452 1 16
452 11 95
452 30 1
452 55 3
452 63 90
453 50 41
453 9 77
453 11 15
453 17 12
453 23 46
453 66 55
453 94 79
453 100 88
454 72 69
454 17 38
454 28 91
454 68 34
455 13 23
455 11 50
455 38 57
455 76 33
455 81 92
455 91 10
456 84 50
456 14 91
456 17 72
456 71 70
456 79 51
456 90 35
457 20 81
457 61 49
457 68 77
457 98 20
458 54 90
458 14 36
458 75 46
459 5 84
459 16 96
459 18 54
459 26 5
459 32 33
459 72 26
459 95 40
459 96 33
460 45 44
460 10 58
460 24 86
460 27 10
460 50 92
460 68 35
461 20 29
461 2 68
461 41 15
461 47 50
461 64 98
461 67 15
461 83 75
461 89 89
462 2 85
462 15 81
462 16 2
462 18 38
462 96 8
463 83 29
463 30 100
463 38 6
463 50 75
463 61 47
463 65 50
463 74 20
463 81 45
464 42 25
464 78 16
464 90 55
465 85 58
465 2 69
465 6 58
465 27 69
465 58 8
466 69 19
466 21 55
466 23 7
466 53 53
466 64 19
466 90 71
467 84 41
467 25 68
467 35 18
467 85 78
468 85 90
468 14 7
468 57 16
468 90 91
468 98 11
469 86 39
469 23 83
469 82 56
469 95 87
470 39 8
470 22 21
470 69 86
470 96 42
471 46 24
471 31 88
471 36 93
471 39 40
471 59 5
472 6 7
472 3 46
472 28 57
472 33 4
472 74 100
473 81 66
473 14 53
473 43 98
473 51 62
473 53 32
474 83 73
474 3 42
474 18 79
474 49 52
474 51 31
474 87 42
475 30 25
475 20 74
475 40 76
475 76 36
475 85 69
475 98 21
476 72 17
476 25 19
476 31 8
476 42 36
476 43 54
476 78 78
476 85 91
476 91 49
476 92 90
476 97 33
477 51 43
477 19 22
477 71 15
478 47 91
478 15 42
478 31 56
478 42 91
478 52 41
478 60 64
478 64 45
478 77 33
478 87 85
478 89 89
478 98 72
479 3 71
479 32 55
479 35 65
479 43 87
480 2 75
480 5 19
480 19 37
480 32 84
480 60 1
480 80 3
480 97 19
481 47 54
481 19 29
482 42 99
482 5 53
482 11 29
482 50 97
482 54 3
482 74 19
482 80 61
483 77 17
483 10 42
483 84 64
484 13 29
484 27 13
484 51 20
484 84 76
484 95 47
485 94 43
485 6 97
485 14 12
485 53 70
485 88 23
485 95 52
486 98 84
486 21 57
486 48 40
486 79 23
486 86 61
487 66 42
487 30 6
487 48 70
487 77 15
487 84 80
488 45 66
488 15 29
488 52 14
488 62 100
488 71 18
488 94 27
488 95 63
489 5 51
489 15 84
489 33 98
489 41 42
489 47 59
489 83 72
489 99 30
490 56 82
490 64 59
490 74 37
490 93 48
491 11 28
491 48 20
491 58 72
491 78 62
492 6 1
492 11 74
492 37 100
492 42 73
492 46 11
492 52 38
492 90 93
493 99 26
493 48 6
493 51 81
493 63 88
493 73 25
493 78 75
493 88 42
494 30 38
494 14 53
494 32 89
494 49 59
494 80 84
495 23 51
495 2 10
495 4 32
495 26 61
495 27 14
495 43 59
495 63 64
495 77 49
495 86 1
496 26 39
496 32 76
496 35 39
496 37 70
496 70 79
497 58 9
497 11 87
497 17 55
497 85 23
498 63 21
498 52 84
499 50 31
499 82 80
500 48 61
500 25 43
500 52 43
500 68 11
500 77 99
500 84 37
500 97 50
501 29 30
501 63 54
502 84 7
502 18 47
502 74 25
502 93 78
503 40 21
503 2 9
503 13 33
503 20 52
503 33 36
504 17 27
504 3 1
504 53 7
504 59 8
504 89 68
505 87 1
505 3 49
505 5 30
505 73 99
506 81 24
506 5 1
506 28 85
506 70 3
506 87 44
507 83 76
507 14 50
507 22 26
507 25 56
507 33 28
507 48 7
507 76 19
508 12 95
508 10 41
508 63 14
509 78 5
509 3 17
509 7 86
509 28 83
509 41 10
509 59 41
509 69 63
509 71 91
509 77 82
509 93 52
509 100 41
510 96 53
510 15 8
510 42 26
510 67 92
510 69 1
510 70 93
510 86 18
511 44 84
511 7 71
511 14 74
511 31 37
511 42 55
511 56 65
511 86 66
512 89 25
512 7 44
512 17 88
512 50 76
513 20 94
513 45 15
513 69 80
513 77 68
514 89 39
514 19 39
514 52 87
514 66 95
515 35 66
515 3 93
515 10 58
515 13 88
515 42 47
516 39 42
516 31 4
516 46 66
516 52 5
516 57 11
516 69 18
516 70 77
516 75 5
516 79 94
517 69 50
517 32 80
517 56 97
517 60 1
517 82 55
518 11 5
518 2 20
518 26 96
518 84 55
518 86 44
519 81 77
519 10 55
519 66 33
520 51 98
520 9 57
520 22 55
520 25 78
520 31 74
520 85 72
521 40 59
521 5 86
521 7 27
521 10 17
521 45 12
521 49 74
521 52 93
521 85 83
522 86 32
522 69 25
522 73 13
522 74 20
522 79 43
523 6 44
523 9 58
523 59 34
523 89 11
523 95 58
524 58 67
524 1 28
524 16 52
524 42 41
524 49 80
524 60 56
524 96 19
525 84 82
525 16 98
525 19 61
526 21 15
526 18 47
526 31 87
526 45 2
526 56 71
526 58 16
526 88 40
527 53 3
527 15 64
527 90 59
527 100 75
528 52 25
528 12 26
528 57 8
528 75 100
528 78 68
528 86 46
529 89 24
529 12 6
529 13 38
529 18 57
529 37 53
529 46 79
529 62 96
529 85 13
529 92 88
530 40 35
530 30 19
530 43 55
530 56 81
530 62 61
530 66 76
531 57 90
531 1 25
531 11 22
531 29 48
531 31 22
531 59 77
531 64 11
531 65 89
531 70 99
531 90 21
531 92 49
531 94 8
531 100 57
532 91 64
532 20 31
532 56 6
532 74 43
532 76 9
533 44 61
533 15 55
533 39 25
533 55 59
534 20 74
534 37 61
534 39 84
534 44 76
534 59 32
534 71 9
534 99 57
535 59 2
535 11 36
535 21 19
535 27 61
535 32 99
535 34 6
535 37 45
535 38 62
536 4 15
536 79 74
536 81 6
536 89 11
536 94 91
536 99 70
537 40 7
537 17 19
537 23 83
537 32 1
537 46 23
537 50 98
537 59 22
537 87 32
538 85 53
538 56 44
538 70 92
538 92 32
538 98 61
539 87 71
539 25 49
539 53 80
539 84 16
540 82 29
540 29 28
540 54 1
540 62 76
540 67 52
540 68 20
540 74 55
541 61 75
541 3 33
541 47 2
541 64 70
541 67 61
541 70 70
541 75 26
541 76 71
541 82 53
541 90 74
541 98 50
542 74 46
542 10 3
542 12 51
542 30 99
542 34 8
542 54 32
542 65 91
542 68 44
542 86 20
542 88 19
543 60 6
543 10 30
543 11 68
543 19 95
543 21 99
543 41 49
543 48 94
544 92 32
544 38 22
544 59 22
545 44 58
545 11 95
545 29 54
545 59 72
545 97 3
546 18 46
546 2 87
546 11 99
546 24 46
546 61 35
546 72 39
546 89 24
547 52 64
547 22 97
547 45 80
547 54 21
547 63 89
548 52 40
548 32 95
548 34 16
548 48 70
548 77 20
549 52 40
549 9 39
549 16 38
549 61 20
549 68 92
549 71 74
549 96 2
550 97 21
551 94 84
551 37 85
551 45 99
552 14 82
552 44 1
552 47 40
552 61 24
552 91 11
552 98 51
553 41 66
553 27 35
553 73 78
553 77 57
554 97 38
554 32 88
554 33 26
554 81 32
554 84 23
554 95 25
555 8 72
555 33 80
555 73 28
555 86 99
556 64 16
556 14 37
556 71 66
556 75 50
557 76 48
557 36 55
557 40 3
557 51 75
557 57 45
557 74 100
557 84 94
557 93 63
557 95 24
557 100 3
558 8 95
558 68 72
558 78 98
558 97 41
559 22 36
559 40 42
559 54 51
559 73 16
559 100 28
560 85 39
561 6 69
561 42 33
561 96 46
562 16 1
562 7 1
562 32 39
562 48 87
562 64 16
562 91 82
563 16 82
563 10 65
563 86 57
564 74 17
564 10 23
564 30 66
564 38 1
564 85 76
564 91 14
564 92 62
565 26 84
565 38 59
565 55 2
565 60 51
566 14 98
566 29 14
566 33 26
566 62 49
566 85 77
567 4 90
567 14 9
567 18 49
567 57 91
567 94 85
567 99 4
568 81 16
568 23 100
568 60 46
568 71 77
569 45 38
569 16 97
569 21 16
569 38 73
569 50 28
570 80 22
570 8 2
570 13 64
570 34 43
570 72 36
570 76 46
571 73 28
571 35 50
571 75 29
571 84 47
572 47 63
572 9 31
572 43 47
572 56 5
572 60 71
572 87 79
573 71 93
573 55 82
574 6 51
574 12 69
574 25 37
574 29 16
574 39 63
574 44 3
575 87 39
575 3 22
575 42 81
575 50 21
575 74 1
575 83 5
576 89 83
576 33 71
576 49 50
576 73 75
577 38 86
577 15 13
577 44 56
577 69 42
577 70 83
578 53 59
578 35 50
578 76 40
578 88 84
578 92 26
579 61 44
579 7 45
579 15 86
579 82 70
580 1 42
580 13 9
580 17 88
580 61 51
581 66 42
581 19 4
581 26 72
581 49 55
581 52 81
581 59 11
581 69 100
581 81 11
582 38 55
582 13 24
582 55 5
582 83 48
583 76 25
583 23 13
583 46 2
583 47 26
583 54 45
583 55 12
583 56 59
583 86 64
583 91 64
583 100 47
584 28 78
584 11 44
584 30 4
584 60 74
584 85 85
584 100 20
585 86 37
585 11 60
585 29 60
585 32 84
585 43 25
585 45 57
585 67 94
585 89 16
585 100 40
586 74 74
586 21 67
586 49 94
586 56 68
586 60 17
586 77 31
586 81 78
586 86 84
586 96 93
587 89 54
587 20 50
587 59 45
587 83 87
587 92 19
587 97 6
588 81 3
588 9 75
588 74 45
588 83 99
589 68 38
589 19 52
589 47 92
589 55 84
589 96 87
590 82 30
590 45 19
590 57 30
590 84 36
591 68 94
591 2 90
591 18 96
591 35 40
591 42 54
591 46 85
591 61 35
591 82 13
591 89 44
592 49 21
592 6 58
592 19 30
592 45 42
592 59 71
592 65 48
592 72 75
592 81 58
592 83 35
592 91 40
593 20 54
593 10 63
593 24 88
593 48 91
593 66 17
593 78 38
594 96 99
594 13 56
594 15 94
594 54 18
594 59 79
594 88 85
594 92 56
594 94 89
595 39 47
595 1 80
595 71 1
595 74 100
595 78 43
595 96 18
596 71 75
596 29 56
596 41 28
596 69 54
596 75 64
597 96 67
597 8 81
597 35 35
597 57 62
597 81 15
597 83 21
597 85 97
597 88 68
597 92 27
598 94 14
598 5 1
598 33 22
598 69 54
598 95 73
599 6 68
599 36 33
599 64 80
599 78 6
600 3 91
600 35 88
600 54 84
600 60 85
600 98 84
601 91 67
601 45 9
601 55 25
601 98 76
601 100 78
602 100 5
602 23 4
602 31 75
602 56 18
602 57 94
602 92 25
603 54 15
603 16 99
603 28 28
603 39 51
603 62 63
603 66 99
604 49 86
604 27 67
604 63 83
604 76 97
604 78 71
604 93 57
604 95 44
604 96 27
605 36 50
605 68 65
605 95 100
606 96 26
606 14 74
606 81 8
606 90 22
606 91 1
607 25 91
607 17 70
607 28 54
607 38 78
607 63 93
607 65 58
608 51 57
608 1 41
608 10 13
608 13 7
608 16 28
608 72 56
609 18 79
609 7 94
609 17 89
609 21 66
609 64 34
609 81 6
610 64 11
610 23 86
610 30 12
610 42 58
610 52 19
610 69 9
610 73 64
610 79 5
610 83 58
610 86 81
610 93 37
611 2 94
611 35 54
611 54 99
611 90 29
612 56 88
612 1 52
612 12 37
612 35 17
612 40 88
612 74 32
612 89 49
612 90 14
612 93 93
613 43 14
613 28 64
613 48 32
613 74 5
613 99 44
614 34 2
614 4 27
614 56 91
614 60 97
614 97 83
615 22 44
615 12 65
615 34 36
615 98 67
616 64 31
616 15 21
616 21 36
616 46 86
616 56 14
616 65 95
616 81 24
616 87 66
616 94 30
617 28 17
617 48 41
617 81 59
618 13 44
618 4 50
618 8 64
618 28 7
618 51 8
618 68 20
619 95 19
619 63 77
619 70 80
619 73 57
619 89 50
619 100 5
620 49 94
620 42 83
620 83 63
620 91 71
620 93 37
620 99 86
621 58 42
621 11 66
621 17 22
621 19 38
621 21 10
621 39 74
621 43 22
621 63 96
621 64 39
621 81 20
621 92 19
621 97 74
622 7 97
622 18 31
623 89 90
623 11 23
623 23 11
623 30 81
623 36 78
624 42 17
624 8 9
624 19 7
624 20 14
624 50 8
624 53 13
625 96 84
625 13 6
625 21 92
625 46 7
626 9 92
626 22 18
626 31 66
627 95 39
627 4 41
627 20 4
627 30 22
627 87 54
628 55 15
628 21 67
628 70 5
628 71 15
628 95 40
629 60 23
629 29 78
629 32 44
629 52 2
629 68 79
629 75 39
629 94 32
630 33 48
630 3 82
630 7 81
630 34 84
630 42 95
630 45 10
630 56 81
630 61 7
630 100 91
631 84 69
631 18 91
631 36 81
631 49 64
631 60 12
631 61 51
632 37 45
632 10 27
632 17 14
632 26 80
632 38 76
632 79 77
633 33 16
633 2 88
633 24 80
633 35 42
633 62 91
634 8 84
634 1 70
634 21 73
634 41 37
634 55 27
634 59 3
634 73 65
634 82 87
634 83 40
634 95 76
635 61 61
635 48 21
635 59 71
635 63 33
635 100 42
636 82 1
636 28 59
636 58 21
637 97 43
637 2 69
637 79 32
638 53 56
638 38 10
638 64 8
638 97 96
639 36 21
639 13 97
639 20 32
639 79 17
640 97 6
640 6 81
640 20 47
640 35 69
640 89 14
640 100 85
641 44 15
641 12 38
641 29 83
641 31 33
641 46 94
641 86 8
642 14 79
642 3 90
642 9 47
642 21 57
642 44 52
642 50 1
642 53 20
642 82 96
642 98 97
643 18 13
643 17 7
643 20 45
643 29 97
643 47 34
643 58 37
643 88 78
643 97 22
644 63 68
644 50 15
644 60 71
644 74 59
644 80 97
644 86 67
644 88 13
644 93 33
645 71 56
645 1 90
645 18 99
645 92 50
646 62 78
646 42 14
646 80 53
647 44 94
647 3 43
647 41 2
647 64 65
647 67 27
648 24 35
648 10 99
648 55 41
648 64 50
648 92 69
648 96 34
649 38 47
649 3 23
649 14 26
649 26 21
649 28 5
649 57 50
649 70 10
649 86 59
650 18 71
650 33 60
650 54 19
650 68 54
650 98 91
651 64 45
651 26 51
651 74 93
651 77 78
651 85 24
652 28 3
652 5 78
652 15 6
652 30 7
652 81 58
652 90 46
652 99 38
653 70 14
653 27 92
653 29 32
653 45 16
653 63 45
653 75 71
654 12 86
654 13 59
654 52 95
654 64 22
654 71 59
654 76 54
654 83 10
654 87 27
655 40 66
655 7 76
655 52 82
655 53 62
655 61 61
656 52 84
656 38 84
656 40 13
656 41 17
656 74 32
656 92 30
657 30 80
657 7 5
657 9 1
657 19 17
657 38 88
657 56 86
657 59 39
657 82 78
657 100 47
658 46 50
658 3 69
658 16 7
658 29 65
658 59 5
658 78 86
658 93 53
659 54 10
659 1 44
659 17 25
659 20 67
659 34 84
659 47 52
659 52 90
659 69 4
659 74 5
659 96 47
660 62 9
660 5 91
660 26 58
660 72 9
661 50 45
661 20 62
661 46 66
661 49 94
661 73 28
662 85 95
662 14 69
662 24 27
662 33 46
662 35 75
662 44 54
662 48 71
662 51 87
662 53 75
662 94 57
663 59 57
663 25 56
663 30 25
663 37 31
663 39 98
663 43 76
664 56 82
664 10 10
664 14 73
664 33 78
664 37 88
664 40 67
664 74 5
664 84 80
664 98 8
665 50 53
665 49 71
666 35 46
666 30 82
666 41 16
666 77 33
667 93 17
667 10 53
667 45 18
668 5 1
668 22 33
668 30 58
668 41 71
668 66 4
668 73 66
668 74 39
668 78 5
669 16 12
669 7 75
669 9 53
669 17 91
669 34 92
669 54 23
669 83 39
669 88 24
669 96 36
669 97 83
670 20 30
670 3 92
670 14 89
670 22 30
670 36 38
670 39 71
670 70 69
670 79 92
670 81 73
671 93 35
671 33 21
671 55 78
672 1 23
672 58 86
672 60 81
672 64 85
672 71 43
672 85 62
672 94 2
672 99 94
673 7 72
673 18 18
673 24 66
673 38 97
673 48 93
673 49 86
673 77 57
674 60 15
674 2 57
674 39 7
674 93 90
675 92 17
675 39 45
675 67 18
675 79 63
676 85 41
676 17 83
676 33 75
676 56 30
676 75 79
676 95 24
677 18 96
677 34 89
677 51 5
677 52 2
677 55 54
677 65 46
677 75 28
677 100 34
678 63 81
678 15 35
678 30 44
678 48 28
678 85 16
679 12 96
679 1 60
679 14 18
679 25 24
679 29 34
679 45 54
679 56 12
679 57 44
679 70 27
680 38 76
680 4 88
680 23 20
680 26 77
680 42 52
680 57 69
680 87 25
680 90 45
681 50 71
681 29 5
681 38 59
681 45 37
681 55 51
681 56 90
681 89 32
682 83 74
682 15 28
682 20 21
682 57 80
682 58 88
682 99 66
683 66 82
683 5 50
684 39 78
684 24 60
684 68 95
684 73 84
684 89 75
685 28 38
685 17 91
685 23 24
685 32 35
685 41 2
686 63 15
686 20 5
686 30 29
686 39 73
686 42 72
686 56 39
686 59 17
687 59 87
687 21 2
687 44 65
687 48 43
687 51 19
688 64 8
688 15 38
688 23 14
688 54 83
688 57 4
688 63 59
688 80 25
689 87 14
689 15 4
689 17 81
689 22 89
689 36 9
689 37 16
689 39 68
689 40 95
689 62 69
689 63 98
689 73 84
689 81 74
690 15 57
690 19 61
690 27 77
690 47 90
690 50 89
690 70 46
690 73 10
691 23 36
691 1 30
691 19 39
691 51 74
691 73 34
691 93 63
691 94 64
692 81 40
692 28 6
692 43 27
692 45 79
692 47 67
692 83 81
692 86 82
693 49 49
693 21 41
693 31 76
693 53 17
693 78 50
693 81 94
693 100 50
694 54 94
694 16 1
694 18 46
694 20 90
694 47 63
694 57 86
695 2 5
695 7 44
695 33 81
695 98 47
696 50 42
696 19 66
696 24 75
696 74 96
696 80 73
697 8 93
697 55 36
697 71 79
698 40 22
698 9 44
698 12 47
698 28 31
698 34 48
698 77 99
698 87 69
698 92 10
699 80 66
699 28 66
699 31 3
699 60 74
699 62 67
699 75 75
700 67 100
700 30 51
700 42 65
700 45 32
700 72 76
701 72 63
701 5 35
702 99 77
702 11 41
702 13 35
702 92 14
703 24 72
703 14 76
703 20 96
703 34 67
703 38 41
703 61 22
703 67 36
703 71 47
704 43 24
704 15 71
704 38 60
704 45 29
704 72 86
704 85 56
704 91 19
704 92 36
705 16 31
705 24 32
705 37 32
706 15 41
706 23 84
706 56 99
706 83 35
707 59 51
707 5 8
707 7 79
707 57 32
708 56 71
708 3 33
708 28 91
708 29 15
708 63 68
708 78 69
708 90 73
708 99 57
709 5 6
709 1 3
709 4 8
709 23 63
709 36 23
709 38 89
709 73 89
709 83 24
709 91 93
710 6 68
710 2 32
710 5 30
710 19 4
710 24 81
710 26 93
710 29 25
710 38 68
710 59 85
710 67 31
711 59 39
711 2 99
711 8 33
711 25 100
711 43 35
711 48 47
712 43 40
712 35 32
712 50 87
712 52 77
712 100 80
713 44 16
713 18 4
713 75 52
713 92 96
714 35 37
714 12 87
714 20 38
714 24 66
714 26 28
714 64 87
714 72 58
714 97 27
715 83 86
715 14 60
715 29 26
715 38 32
715 48 28
715 74 90
716 58 58
716 7 45
716 36 12
716 85 6
717 63 27
717 22 43
717 36 72
717 42 32
717 90 8
718 73 20
718 6 57
718 14 64
718 25 49
718 26 89
718 40 100
718 56 21
718 99 96
719 96 9
719 42 98
719 66 64
719 78 77
719 93 52
720 21 98
720 32 31
720 47 63
720 53 14
720 96 33
721 96 44
721 3 84
721 49 80
721 62 8
722 92 35
722 8 50
722 25 49
722 52 27
722 64 65
722 79 39
722 81 92
722 82 68
722 90 2
723 11 55
723 1 12
723 61 7
723 65 5
723 67 26
724 26 60
724 15 5
724 35 11
724 61 84
724 62 44
725 26 13
725 1 7
725 30 31
725 34 89
725 35 80
725 37 56
725 53 55
725 62 66
725 72 45
725 81 82
725 87 10
726 20 87
726 36 45
726 40 53
726 63 4
726 72 64
726 100 25
727 28 5
727 5 13
727 34 48
727 41 62
727 52 47
727 64 93
727 70 37
728 8 6
728 3 95
728 7 29
728 9 7
728 25 70
728 30 65
728 35 75
728 91 60
729 41 14
729 14 79
729 63 61
729 71 61
729 83 44
729 88 76
729 93 33
730 14 68
730 1 60
730 8 79
730 49 64
731 26 28
731 60 52
731 79 81
732 74 1
732 5 85
732 22 95
732 26 39
732 61 87
732 67 74
732 82 24
733 6 26
733 2 61
733 5 40
733 10 34
733 57 65
733 61 86
733 64 31
733 79 18
733 94 37
734 6 34
734 31 12
734 95 58
735 89 33
735 10 17
735 59 23
736 1 37
736 29 82
736 75 90
736 78 14
737 51 99
737 4 48
737 13 1
737 14 33
737 22 77
737 56 4
737 67 23
737 74 22
737 82 36
737 89 24
738 63 97
738 55 57
738 75 16
739 100 57
739 20 38
739 61 67
739 66 97
739 84 48
739 94 90
740 10 95
740 27 43
740 77 33
740 91 22
741 29 82
741 18 70
741 22 89
741 48 71
742 75 87
742 25 99
742 42 33
742 64 79
742 74 76
742 91 5
743 8 30
743 2 74
743 23 5
743 40 31
743 61 33
743 67 82
743 78 53
743 82 48
744 49 56
744 15 76
744 30 37
744 39 83
744 91 37
745 57 29
745 5 16
745 10 86
745 28 84
745 32 38
745 53 41
745 73 35
745 83 71
746 18 87
746 17 42
746 39 46
746 51 20
746 53 73
746 59 78
746 71 49
746 80 12
746 84 50
746 88 30
747 32 90
747 2 91
747 53 82
747 57 75
747 69 89
747 76 65
747 100 74
748 79 95
748 23 5
749 100 82
749 24 41
749 31 48
749 39 74
749 42 56
749 93 32
749 97 23
750 33 12
750 3 48
750 11 61
750 13 27
750 42 61
750 76 46
751 70 48
751 12 86
751 22 82
751 23 99
751 38 94
751 47 69
752 35 36
752 9 43
752 11 63
752 56 23
752 81 13
752 98 96
753 57 5
753 1 44
753 5 26
753 34 12
753 41 100
753 48 52
753 75 31
753 76 44
753 94 83
754 67 53
754 1 28
754 23 96
754 41 60
754 43 45
754 56 7
754 63 67
754 64 8
755 5 81
755 19 63
755 36 12
755 39 56
755 48 58
755 61 47
755 65 37
755 79 89
755 85 43
755 99 40
756 7 26
756 79 90
756 82 16
757 79 84
757 10 81
757 27 89
757 36 33
757 60 10
757 69 77
757 72 46
758 92 88
758 2 82
758 11 99
758 18 56
758 23 86
758 46 67
758 57 38
758 71 34
758 86 52
759 2 4
759 4 53
759 13 39
759 47 14
759 48 21
759 59 78
759 86 56
759 95 79
760 19 30
760 16 65
760 35 38
760 48 35
760 69 3
761 33 12
761 5 83
761 42 51
761 53 72
761 55 91
761 87 64
762 16 46
762 54 42
762 67 63
762 76 82
763 39 9
763 22 10
763 26 88
763 48 57
763 63 43
764 50 100
764 12 44
764 19 65
764 34 43
764 42 33
764 51 85
765 55 99
765 9 1
765 12 88
765 81 43
765 97 93
766 83 93
766 2 79
766 19 69
766 24 80
766 41 51
766 42 29
766 46 84
766 70 37
766 79 21
766 99 31
767 20 97
767 21 17
767 27 12
767 51 5
767 63 8
767 79 1
767 81 50
768 48 54
768 4 30
768 11 42
768 12 66
768 36 38
768 42 78
768 49 39
769 95 5
769 6 26
769 31 48
769 35 63
769 37 51
769 58 90
769 67 57
770 63 29
770 24 38
770 28 100
770 49 67
770 56 3
770 86 80
771 79 17
771 7 24
771 11 62
771 26 32
771 30 85
771 35 57
771 38 100
771 46 11
771 47 58
771 83 81
772 87 83
772 15 2
772 26 78
772 29 62
772 30 77
772 38 88
772 83 50
773 81 86
773 33 40
773 43 8
773 59 95
773 60 83
773 64 28
774 68 47
774 21 77
774 25 41
774 28 64
775 49 73
775 21 98
775 41 77
775 66 19
776 52 39
776 21 45
776 34 10
776 56 28
776 66 55
777 2 18
777 18 42
777 23 53
777 43 60
777 54 25
777 78 81
778 58 5
778 23 44
778 28 63
778 38 68
778 61 52
779 83 41
779 1 81
779 12 67
779 17 89
779 45 90
779 66 17
779 76 84
779 78 57
780 86 35
780 12 13
780 17 98
780 47 72
781 61 72
781 14 13
781 72 42
782 7 4
782 10 22
782 25 5
782 26 50
782 55 87
782 62 61
782 73 14
782 94 72
783 22 62
783 51 95
783 87 64
784 19 49
784 5 80
784 14 56
784 24 85
784 30 23
784 63 87
784 66 29
784 81 5
784 88 30
784 92 52
784 100 54
785 51 2
785 25 47
785 31 59
785 36 77
785 69 85
785 74 99
785 87 64
786 88 31
786 20 14
786 24 94
786 25 64
786 30 35
786 31 15
786 32 59
786 53 48
786 58 93
786 95 47
787 38 25
787 9 1
787 13 10
788 35 13
788 9 19
788 22 91
788 43 92
788 67 29
788 75 63
788 89 100
789 1 13
789 13 42
789 46 21
789 88 41
790 28 47
790 88 32
791 63 23
791 11 61
791 44 92
791 57 11
791 82 23
792 37 3
792 9 44
792 20 83
792 100 49
793 85 1
793 7 79
793 17 88
793 38 85
793 54 79
793 65 20
794 26 83
794 9 44
794 60 30
794 100 10
795 48 17
795 18 57
795 21 60
795 35 92
795 68 45
795 76 4
795 78 21
795 82 77
795 90 68
796 36 38
796 25 42
796 35 93
796 41 18
796 50 64
796 52 51
796 74 55
796 81 43
797 11 50
797 74 36
797 76 75
797 92 100
797 94 94
798 65 19
798 53 69
798 79 63
799 8 14
799 16 3
799 23 26
799 25 56
799 35 44
799 52 61
799 80 85
799 87 50
800 10 95
800 57 95
800 61 25
800 77 9
800 90 75
801 72 69
801 4 92
801 7 91
801 19 33
801 36 29
801 88 30
801 94 92
802 5 94
802 15 19
802 24 68
802 52 99
802 79 43
802 91 7
802 95 48
803 4 67
803 1 67
803 49 72
803 50 53
803 54 97
803 64 69
803 83 81
804 73 11
804 5 72
804 10 40
804 21 9
804 26 67
804 28 14
804 31 99
804 37 12
804 46 95
804 55 7
805 39 21
805 41 61
805 57 47
805 64 97
805 69 38
805 72 40
805 82 66
806 96 50
806 3 80
806 40 99
806 45 74
806 51 28
806 59 96
806 66 49
806 68 2
807 16 32
807 15 32
807 34 19
807 40 77
807 41 35
807 48 47
807 71 56
807 88 57
807 95 7
808 9 93
808 6 50
808 24 56
808 79 76
808 96 33
809 33 75
809 1 67
809 62 4
810 13 20
810 70 77
810 76 16
810 90 18
810 98 51
811 23 37
811 7 77
811 8 91
811 13 84
811 29 15
811 36 95
811 40 3
811 68 34
811 80 76
811 87 35
812 80 57
812 28 85
812 68 44
813 93 49
813 2 12
813 42 49
813 46 36
813 76 76
813 94 83
814 84 56
814 4 32
814 16 22
814 31 46
814 55 19
814 65 40
814 83 13
815 78 38
815 15 76
815 32 68
815 58 79
815 60 49
815 71 61
815 81 54
815 86 15
815 93 7
816 58 28
816 46 34
816 88 56
817 92 9
817 6 36
817 13 30
817 26 75
817 31 35
817 33 76
817 34 69
817 44 75
817 48 96
817 50 36
817 58 2
817 74 92
818 48 72
818 29 18
818 37 32
818 60 65
818 68 45
818 72 100
818 85 15
819 72 17
819 33 100
819 56 39
819 84 90
819 95 12
820 55 63
820 6 81
820 11 95
820 21 66
820 28 4
820 30 13
820 71 28
821 26 86
821 42 90
821 43 78
821 45 97
821 48 55
821 86 78
821 97 9
822 11 77
822 21 22
822 55 65
822 88 9
822 95 93
823 90 69
823 9 96
824 78 27
824 16 66
825 64 22
825 25 41
825 40 56
825 78 5
825 81 53
825 88 8
826 41 23
826 33 75
826 66 25
826 67 77
826 77 48
826 97 4
827 2 73
827 1 41
827 18 7
827 19 25
827 25 66
827 72 34
828 58 85
828 79 40
829 88 94
829 2 46
829 16 55
829 19 42
829 46 42
829 48 92
829 50 2
829 64 44
829 95 92
830 85 98
830 14 73
830 40 89
830 42 42
830 53 90
830 60 54
830 62 22
831 68 30
831 4 40
831 23 9
831 37 75
831 78 67
831 79 82
832 29 65
832 7 30
832 42 65
832 55 37
832 85 29
832 98 2
833 47 89
833 11 14
833 18 26
833 24 61
833 87 87
833 97 62
834 28 3
834 10 46
834 22 91
834 50 10
834 73 12
835 11 93
835 3 67
835 6 15
835 51 32
835 74 72
835 79 43
835 96 12
836 69 76
836 11 15
836 22 66
836 39 2
836 44 95
836 74 75
836 82 34
836 90 86
836 93 87
837 95 66
837 12 81
837 26 64
837 31 86
837 46 86
837 55 96
837 59 68
837 63 65
837 65 76
837 68 21
837 71 18
837 86 14
838 11 23
838 2 48
838 64 46
838 68 58
838 76 68
838 99 30
839 25 72
839 39 77
839 57 62
839 60 40
839 81 46
839 92 20
840 51 24
840 12 21
840 30 100
840 60 8
840 98 35
841 50 45
841 8 19
841 15 58
841 48 17
841 91 67
842 93 18
842 56 97
843 67 2
843 17 64
843 23 32
843 63 55
843 65 92
843 70 58
843 92 83
843 93 89
844 68 16
844 8 10
844 12 26
844 35 84
844 39 71
844 45 84
844 74 73
844 97 81
845 20 38
845 1 4
845 36 30
845 64 89
846 19 10
846 8 9
846 13 21
846 38 26
846 58 56
846 59 83
847 15 16
847 13 18
847 49 40
847 50 19
847 58 47
847 87 22
848 16 76
848 14 92
848 22 14
848 45 3
848 60 2
848 88 77
849 41 97
849 2 9
849 6 37
849 42 100
849 46 21
849 75 76
849 98 81
850 36 68
850 51 46
850 63 72
850 90 38
851 76 81
851 50 13
851 97 60
852 18 70
852 3 59
852 23 13
852 27 80
852 33 100
852 36 56
852 45 12
852 50 78
852 59 85
852 73 1
852 91 46
852 96 11
853 35 80
853 3 14
853 11 71
853 54 59
853 56 100
854 17 10
854 3 27
854 33 43
854 50 45
854 52 97
854 58 61
854 75 32
855 77 59
855 61 77
856 90 69
856 2 74
856 3 8
856 25 26
856 49 1
856 100 80
857 77 86
857 51 58
857 96 34
857 100 49
858 28 34
858 8 24
858 67 52
858 73 73
858 84 16
859 63 62
859 17 88
859 29 42
859 57 69
859 64 58
859 84 58
859 95 97
859 99 3
860 81 51
860 11 66
860 65 59
860 68 64
860 95 78
861 88 96
861 53 34
861 60 44
861 65 88
861 67 57
861 73 75
861 75 56
862 24 14
862 20 32
862 23 42
862 43 9
863 94 21
863 29 66
863 36 41
863 45 43
863 53 82
864 41 97
864 17 12
864 18 74
864 34 71
864 54 33
864 77 7
864 84 37
864 91 31
864 92 24
865 53 82
865 15 12
865 26 74
865 33 59
865 48 88
865 50 85
865 59 28
865 83 97
866 82 55
866 17 9
866 29 39
866 42 48
866 84 44
867 68 44
867 18 47
867 93 53
868 82 74
868 2 58
868 38 43
868 54 76
868 70 97
868 73 13
868 87 3
869 52 95
869 7 76
869 40 33
869 72 40
870 9 42
870 50 72
870 57 84
870 90 6
871 69 40
871 15 45
871 25 7
871 49 23
871 54 66
871 62 65
872 65 19
872 9 19
872 26 92
872 54 2
873 79 13
873 73 95
873 92 41
874 81 36
874 4 38
874 26 12
874 34 20
874 65 21
874 83 54
875 49 65
875 2 70
875 7 85
875 8 26
875 39 77
875 55 60
875 62 12
876 48 25
876 23 81
876 34 18
876 40 13
876 50 7
876 58 20
876 66 31
876 80 61
876 84 19
877 99 26
877 15 96
877 53 50
877 64 44
878 37 70
878 17 64
878 38 22
878 56 70
878 64 74
879 65 75
879 4 72
879 15 81
879 18 38
879 29 45
879 40 82
880 99 29
880 22 64
880 35 70
880 41 66
880 44 24
880 61 81
880 86 48
880 96 88
881 73 97
881 8 32
881 9 85
881 17 18
881 23 91
881 64 16
882 92 81
882 4 66
882 7 76
882 10 48
882 20 27
882 37 100
882 94 59
883 39 57
883 6 11
883 8 33
883 32 74
883 52 9
883 67 64
883 70 7
883 80 62
884 30 43
884 11 78
884 24 56
884 42 42
884 46 28
884 49 80
884 60 76
884 61 53
885 79 48
885 2 28
885 8 35
885 27 36
885 37 48
885 62 71
885 73 38
886 17 38
886 4 32
886 21 26
886 22 73
886 86 33
886 97 70
887 79 70
887 1 21
887 8 6
887 16 19
887 24 35
887 46 15
887 74 52
887 89 59
887 93 6
888 32 48
888 6 20
888 15 100
888 53 51
888 58 8
888 68 77
889 44 75
889 7 19
889 26 15
889 43 73
889 58 40
889 68 39
889 75 72
889 77 65
889 80 31
889 92 89
890 91 97
890 16 55
890 47 35
890 52 86
891 80 32
891 58 99
891 61 64
891 88 69
891 97 57
892 89 74
892 16 45
892 23 70
892 32 17
892 33 76
892 57 93
892 59 17
892 93 15
892 94 17
893 97 42
893 12 35
894 32 94
894 2 26
894 5 29
894 15 86
894 17 87
894 26 27
894 30 99
894 42 31
894 58 16
894 87 76
894 92 6
894 95 75
895 10 70
895 46 62
895 73 16
895 76 61
896 2 37
896 42 92
896 49 50
896 56 33
896 71 43
897 6 65
897 16 60
897 28 72
897 51 49
897 85 73
898 40 53
898 48 21
898 74 93
898 88 12
899 17 9
899 18 99
899 39 48
899 41 70
899 42 93
899 55 85
899 62 84
899 64 21
899 75 65
899 84 100
899 94 25
900 73 8
900 4 94
900 23 68
900 29 28
900 35 64
900 43 64
900 65 82
900 87 46
901 14 82
901 24 29
901 58 47
902 23 39
902 6 38
902 17 72
902 30 81
902 48 91
902 72 22
903 98 86
903 7 43
903 21 51
903 22 86
903 35 88
903 60 93
903 78 58
904 52 93
904 26 28
904 70 92
904 89 43
904 90 91
905 97 62
905 37 28
905 68 23
905 77 57
905 80 33
905 83 97
906 35 98
906 2 53
906 6 48
906 12 9
906 23 26
906 96 87
906 100 69
907 57 100
907 6 37
907 32 32
907 34 59
907 40 68
907 84 82
907 95 49
908 8 55
908 2 66
908 61 15
908 63 9
908 75 93
909 13 66
909 34 78
909 48 32
910 41 64
910 71 31
910 75 48
910 91 79
911 52 68
911 9 37
911 10 54
911 11 48
911 16 48
911 18 58
911 27 60
911 61 90
911 70 38
911 88 7
911 100 43
912 9 12
912 12 47
912 15 5
912 29 6
912 79 54
912 84 84
912 85 83
913 98 26
913 24 61
913 28 91
913 55 6
913 66 4
913 70 9
914 94 11
914 40 73
914 49 79
914 78 95
915 47 44
915 3 31
915 32 33
915 44 73
915 51 95
915 61 43
916 35 36
916 3 44
917 27 67
917 34 35
917 39 36
917 71 90
917 87 34
917 89 93
918 64 24
918 18 24
918 50 57
918 58 27
918 65 66
918 75 49
919 81 83
919 5 25
919 7 51
919 48 28
919 56 26
919 65 91
919 76 93
919 87 18
920 8 78
920 68 9
921 90 46
921 5 99
921 7 81
921 11 76
921 24 29
921 35 6
921 44 96
921 69 9
921 70 66
921 71 68
921 91 42
921 94 76
922 14 48
922 5 30
922 6 99
922 27 84
922 28 36
922 38 36
922 55 48
922 61 5
922 63 45
922 86 68
923 28 80
923 35 71
923 36 72
923 54 74
923 68 13
923 75 76
924 46 60
924 2 30
924 14 36
924 31 94
924 37 60
924 50 60
924 51 39
925 41 37
925 11 15
925 18 47
925 21 67
925 30 28
925 64 89
925 70 29
925 77 7
925 86 70
925 92 94
925 96 15
926 86 64
926 23 5
926 63 92
926 66 24
926 91 47
926 96 74
927 10 80
927 4 45
927 8 23
927 18 62
927 44 39
927 66 9
927 98 24
928 10 41
928 11 40
928 20 73
928 37 79
929 52 60
929 60 90
929 76 22
929 78 33
929 83 31
930 79 61
930 31 36
930 37 2
930 43 57
930 55 68
930 69 73
930 75 41
930 77 91
930 80 55
931 25 56
931 9 45
931 14 50
931 31 33
931 87 71
932 52 37
932 45 38
933 60 5
933 9 73
933 77 59
933 84 79
933 95 39
934 64 94
934 27 2
934 41 86
934 67 64
935 13 42
935 16 55
935 24 77
935 31 5
935 46 55
935 71 4
935 92 43
935 93 68
936 79 17
936 56 53
936 59 20
936 60 64
936 66 29
936 74 79
936 84 21
936 86 75
937 1 91
937 39 45
937 46 28
937 72 79
937 82 59
938 19 95
938 14 50
938 17 11
938 37 93
938 48 71
938 49 39
938 56 54
938 71 13
938 72 44
938 73 33
938 84 13
939 88 7
939 17 50
939 55 100
940 16 16
940 22 91
940 27 51
940 37 78
940 71 100
940 93 56
941 42 96
941 3 99
941 38 65
941 46 58
941 51 47
941 59 20
941 62 8
941 73 19
941 76 26
941 85 77
941 87 81
941 97 56
942 28 19
942 4 7
942 21 59
942 30 81
942 48 81
942 56 100
942 65 86
942 73 42
942 75 88
942 89 15
943 45 10
943 4 17
943 57 8
943 58 98
943 61 10
943 70 46
943 87 43
944 99 84
944 8 4
944 33 83
944 41 62
944 64 46
944 73 60
944 77 39
944 90 68
944 93 43
944 96 53
945 24 37
945 3 98
945 43 41
945 73 63
945 86 62
945 94 12
946 86 90
946 11 28
946 52 25
946 59 73
946 98 36
947 14 15
947 42 82
947 58 29
947 94 20
948 49 77
948 22 74
948 58 56
948 63 6
948 68 64
948 71 9
948 89 81
949 24 60
949 3 29
949 12 30
949 53 59
949 70 66
949 88 48
949 90 85
950 16 5
950 11 37
950 36 34
950 86 71
951 55 59
951 29 76
951 71 89
951 73 43
951 85 32
951 88 31
952 100 89
952 8 46
952 36 7
952 62 80
952 68 46
952 71 81
952 86 25
952 95 48
952 96 87
953 74 59
953 1 99
953 13 84
953 14 64
953 50 86
953 79 16
953 92 79
953 93 10
953 99 45
954 2 4
954 89 54
954 90 1
955 61 59
955 3 85
955 13 13
955 20 23
955 53 74
955 62 42
955 64 32
956 87 25
956 1 44
956 13 10
956 31 33
956 37 86
956 43 95
956 57 88
956 69 40
956 81 49
956 85 83
956 98 54
956 99 10
957 59 59
957 18 17
957 30 78
957 85 28
957 86 6
957 98 72
958 98 39
958 19 82
958 24 28
958 41 69
958 53 89
958 68 16
958 89 41
958 100 10
959 8 37
959 6 35
959 27 93
959 64 26
959 85 13
959 90 65
960 48 40
960 4 81
960 10 82
960 100 85
961 26 96
961 8 21
961 12 65
961 39 80
961 76 61
962 82 64
962 7 32
962 42 72
962 66 65
962 81 15
963 19 83
963 13 99
963 14 17
963 20 47
963 40 60
963 51 18
963 89 20
963 99 11
964 42 34
964 3 60
964 93 57
965 15 62
965 1 21
965 3 16
965 55 40
965 57 85
965 92 51
965 95 4
965 97 54
966 25 74
966 33 96
966 50 48
966 84 80
966 86 89
967 52 14
967 12 77
967 17 38
967 25 49
967 27 90
967 28 53
967 82 86
967 90 12
967 96 93
968 38 30
968 13 56
968 23 97
968 29 83
968 46 13
968 49 30
968 81 32
968 84 47
968 92 80
969 28 83
969 17 1
969 24 64
969 53 32
969 78 2
970 27 31
970 8 68
970 28 67
970 46 91
970 52 62
970 54 68
970 94 92
971 29 90
971 3 27
971 25 32
971 43 75
972 82 25
972 4 16
972 15 66
972 18 48
972 24 94
972 41 81
972 77 32
972 92 67
973 26 97
973 18 18
973 29 87
973 34 12
974 9 55
974 10 30
974 11 90
974 34 21
974 57 74
974 60 95
974 69 19
974 84 36
974 91 18
975 36 66
975 21 33
975 33 29
975 64 22
975 72 88
975 86 50
975 93 5
976 22 62
976 82 92
977 29 100
977 3 35
977 19 93
977 20 66
977 43 89
977 63 67
977 74 53
977 75 67
977 79 48
978 50 91
978 2 89
978 42 16
978 48 29
978 57 61
978 69 8
979 80 38
979 32 50
979 44 91
979 66 33
979 69 38
979 86 91
980 74 67
980 13 86
980 75 19
980 89 52
981 4 7
981 25 68
981 28 83
981 91 61
981 92 97
981 99 93
982 90 54
982 18 45
982 28 61
982 38 56
982 77 55
982 79 16
982 84 28
983 65 30
983 6 47
983 14 42
983 26 100
983 72 76
984 8 75
984 4 67
984 42 79
984 55 88
985 89 65
985 15 79
985 70 25
985 75 5
985 76 46
986 93 42
986 6 12
986 14 66
986 15 51
986 21 83
986 45 83
986 48 22
986 53 36
986 58 83
986 61 17
987 44 37
987 3 32
987 16 2
987 53 88
987 89 1
987 96 66
988 37 63
988 10 47
988 26 51
988 48 44
988 64 71
988 66 7
988 67 81
988 98 12
989 1 25
989 3 61
989 29 95
989 42 53
989 57 35
989 64 63
990 28 15
990 71 80
990 73 81
990 81 64
990 100 74
991 5 73
991 35 62
991 39 70
991 97 22
992 41 32
992 3 9
992 55 62
992 58 23
992 64 36
992 68 97
992 93 47
993 60 61
993 11 11
993 25 49
993 44 57
993 47 48
993 82 83
993 83 42
994 33 45
994 27 27
994 89 82
994 93 29
994 99 37
995 57 9
995 99 7
996 26 53
996 9 31
996 25 22
996 62 86
996 75 32
996 78 77
996 79 56
997 68 54
997 13 39
998 34 73
998 83 8
999 40 14
999 12 53
999 20 19
999 25 33
999 30 76
999 37 85
999 88 61
1000 9 59
1000 19 67
1000 91 10
