1000
1 31 45
2 54 74
3 93 6
4 72 1
5 10 35
6 30 145
7 74 238
8 17 58
9 42 46
10 24 150
11 8 150
12 79 93
13 83 52
14 75 16
15 41 56
16 89 225
17 91 49
18 97 273
19 65 30
20 14 27
21 15 23
22 76 60
23 55 123
24 57 18
25 27 28
26 78 55
27 70 0
28 32 113
29 84 216
30 68 426
31 13 42
32 4 152
33 99 122
34 11 100
35 13 167
36 61 54
37 51 61
38 89 150
39 54 43
40 92 5
41 13 90
42 46 108
43 24 47
44 36 62
45 34 42
46 75 150
47 48 32
48 21 42
49 5 191
50 74 125
51 24 283
52 67 132
53 5 330
54 73 24
55 66 85
56 28 111
57 14 108
58 69 112
59 79 35
60 82 42
61 77 145
62 22 40
63 96 157
64 98 154
65 86 119
66 74 164
67 7 59
68 7 142
69 78 174
70 76 195
71 84 107
72 59 110
73 1 150
74 93 119
75 71 47
76 94 117
77 73 142
78 29 45
79 39 139
80 62 135
81 69 368
82 45 77
83 56 276
84 61 147
85 86 139
86 47 113
87 58 187
88 64 125
89 8 227
90 4 127
91 88 150
92 29 39
93 19 170
94 47 158
95 68 34
96 94 221
97 35 292
98 32 20
99 13 239
100 59 37
101 88 217
102 83 120
103 27 136
104 7 308
105 11 110
106 93 156
107 40 144
108 50 39
109 58 157
110 7 575
111 27 204
112 21 209
113 48 234
114 31 270
115 67 103
116 3 68
117 62 193
118 35 125
119 45 202
120 11 184
121 100 376
122 47 35
123 28 12
124 86 202
125 84 41
126 83 196
127 49 167
128 59 456
129 97 44
130 76 17
131 81 157
132 14 189
133 2 44
134 40 8
135 33 79
136 62 268
137 60 32
138 3 13
139 25 268
140 5 34
141 62 417
142 84 120
143 39 257
144 68 196
145 13 158
146 87 489
147 26 364
148 26 266
149 19 426
150 86 37
151 2 314
152 13 207
153 42 142
154 77 46
155 11 196
156 64 93
157 7 227
158 65 132
159 8 109
160 67 228
161 49 129
162 25 386
163 91 283
164 75 245
165 76 104
166 99 41
167 50 322
168 19 572
169 89 114
170 53 71
171 97 187
172 31 426
173 88 32
174 70 266
175 97 358
176 59 190
177 59 165
178 93 168
179 24 244
180 9 306
181 83 184
182 31 216
183 93 216
184 12 26
185 96 308
186 14 363
187 8 282
188 43 280
189 33 206
190 59 268
191 4 331
192 1 13
193 7 398
194 69 49
195 66 433
196 79 270
197 36 225
198 69 351
199 37 276
200 67 280
201 80 235
202 79 197
203 19 114
204 78 241
205 9 157
206 71 201
207 64 28
208 79 114
209 44 357
210 74 46
211 22 241
212 45 37
213 33 286
214 66 358
215 22 159
216 90 34
217 74 244
218 19 377
219 61 450
220 90 142
221 63 271
222 34 520
223 3 351
224 75 271
225 96 377
226 96 258
227 23 489
228 5 521
229 82 122
230 40 351
231 76 305
232 98 483
233 44 451
234 2 506
235 61 237
236 56 190
237 13 326
238 5 262
239 18 203
240 62 623
241 8 409
242 96 170
243 57 394
244 62 514
245 62 574
246 64 198
247 8 258
248 57 329
249 89 453
250 49 377
251 21 359
252 79 358
253 35 323
254 43 382
255 56 543
256 89 191
257 27 277
258 18 212
259 20 489
260 21 273
261 73 185
262 70 223
263 68 256
264 67 338
265 1 308
266 30 448
267 1 180
268 98 378
269 73 479
270 30 94
271 60 426
272 27 227
273 79 153
274 2 244
275 26 456
276 38 137
277 31 399
278 18 187
279 67 426
280 41 511
281 72 282
282 55 132
283 72 358
284 71 331
285 3 556
286 99 568
287 98 300
288 65 400
289 20 309
290 62 367
291 29 351
292 33 125
293 91 375
294 5 436
295 20 509
296 11 559
297 99 444
298 37 375
299 52 211
300 50 377
301 61 521
302 57 237
303 70 136
304 1 442
305 70 290
306 24 369
307 3 426
308 13 499
309 74 126
310 58 16
311 3 501
312 34 374
313 13 858
314 8 318
315 23 326
316 14 427
317 67 562
318 17 704
319 46 433
320 92 273
321 25 449
322 32 412
323 58 458
324 68 532
325 11 241
326 74 422
327 76 506
328 78 606
329 57 536
330 76 224
331 7 358
332 1 514
333 51 573
334 35 394
335 39 277
336 96 447
337 85 648
338 61 544
339 30 306
340 78 537
341 61 309
342 65 216
343 23 135
344 59 378
345 88 198
346 7 523
347 81 206
348 88 315
349 28 438
350 41 268
351 64 501
352 13 596
353 11 139
354 55 546
355 54 334
356 89 528
357 23 554
358 17 367
359 54 430
360 76 501
361 10 352
362 99 277
363 65 327
364 56 568
365 30 677
366 73 652
367 77 574
368 89 607
369 25 385
370 35 492
371 49 48
372 4 568
373 77 474
374 77 349
375 77 553
376 25 272
377 14 492
378 76 387
379 93 521
380 46 702
381 58 685
382 45 789
383 24 428
384 33 442
385 99 790
386 46 530
387 79 661
388 10 648
389 64 590
390 73 399
391 94 702
392 64 748
393 32 489
394 53 688
395 66 450
396 5 727
397 42 458
398 96 520
399 34 631
400 13 349
401 12 688
402 8 446
403 30 433
404 84 313
405 5 574
406 4 270
407 88 378
408 26 516
409 56 587
410 40 522
411 29 575
412 49 394
413 85 455
414 33 599
415 3 801
416 88 451
417 54 992
418 52 762
419 52 489
420 97 694
421 1 579
422 74 509
423 63 656
424 52 605
425 1 712
426 81 517
427 9 128
428 94 792
429 57 486
430 44 283
431 1 624
432 90 657
433 32 231
434 49 649
435 71 570
436 61 655
437 88 514
438 56 428
439 9 708
440 67 506
441 13 783
442 46 590
443 34 573
444 8 676
445 44 578
446 61 537
447 68 335
448 84 592
449 86 530
450 61 709
451 47 850
452 30 560
453 17 624
454 68 438
455 91 561
456 90 420
457 98 561
458 14 808
459 26 736
460 27 561
461 41 612
462 16 541
463 38 305
464 78 802
465 58 840
466 23 609
467 35 709
468 14 871
469 86 594
470 39 536
471 59 645
472 33 670
473 53 766
474 51 725
475 98 610
476 31 624
477 71 872
478 77 416
479 32 654
480 60 548
481 19 553
482 54 492
483 77 868
484 27 764
485 14 675
486 79 120
487 30 760
488 52 627
489 99 624
490 74 871
491 48 290
492 6 759
493 48 406
494 30 588
495 86 815
496 26 601
497 58 640
498 63 840
499 50 652
500 68 798
501 29 1129
502 84 964
503 2 465
504 3 687
505 87 735
506 5 627
507 48 467
508 63 606
509 78 702
510 69 424
511 31 722
512 89 710
513 45 852
514 89 870
515 42 776
516 31 794
517 60 937
518 11 881
519 66 655
520 22 630
521 45 694
522 73 777
523 89 792
524 96 675
525 19 646
526 45 516
527 53 798
528 57 927
529 12 576
530 30 895
531 94 881
532 56 725
533 39 630
534 71 929
535 59 710
536 81 652
537 32 675
538 92 809
539 84 509
540 54 562
541 47 540
542 10 468
543 60 724
544 38 868
545 97 960
546 89 591
547 54 695
548 34 735
549 96 747
550 97 471
551 94 840
552 44 713
553 27 689
554 84 801
555 73 872
556 64 655
557 40 617
558 97 1013
559 73 676
560 85 30
561 42 709
562 16 592
563 86 702
564 38 900
565 55 840
566 29 777
567 99 722
568 81 726
569 21 810
570 8 577
571 73 944
572 56 788
573 55 594
574 44 603
575 74 704
576 49 795
577 15 874
578 92 735
579 61 735
580 13 697
581 19 935
582 55 1025
583 46 638
584 30 452
585 89 957
586 60 696
587 97 773
588 81 897
589 68 899
590 45 361
591 82 498
592 49 736
593 66 776
594 54 716
595 71 1023
596 41 789
597 81 560
598 5 725
599 78 899
600 54 837
601 45 951
602 23 809
603 54 974
604 96 519
605 36 881
606 91 728
607 28 638
608 13 996
609 81 433
610 79 813
611 90 506
612 90 977
613 74 957
614 34 980
615 34 832
616 56 884
617 28 1102
618 28 881
619 100 768
620 93 1010
621 21 1072
622 18 708
623 23 821
624 19 1074
625 13 449
626 22 1429
627 20 1111
628 70 799
629 52 872
630 61 814
631 60 889
632 17 933
633 33 586
634 59 939
635 48 711
636 82 900
637 79 727
638 64 917
639 79 926
640 97 706
641 86 307
642 50 1009
643 17 588
644 88 461
645 92 887
646 42 886
647 41 711
648 96 800
649 28 747
650 54 879
651 85 1071
652 28 678
653 70 180
654 83 911
655 61 756
656 40 726
657 9 809
658 59 879
659 69 783
660 62 951
661 73 1038
662 24 689
663 30 1119
664 74 1019
665 50 773
666 41 913
667 93 1070
668 5 1130
669 16 1125
670 20 812
671 33 700
672 94 915
673 18 858
674 39 1006
675 92 1122
676 95 616
677 52 997
678 85 976
679 56 914
680 23 1247
681 29 881
682 20 261
683 5 1068
684 24 847
685 41 1083
686 20 960
687 21 380
688 57 1388
689 15 985
690 73 938
691 1 734
692 28 977
693 53 1080
694 16 1088
695 2 997
696 50 1083
697 55 939
698 92 943
699 31 899
700 45 1099
701 5 899
702 92 1169
703 61 1035
704 91 945
705 16 970
706 83 1063
707 5 1034
708 29 990
709 1 1071
710 19 996
711 8 1023
712 35 539
713 18 1065
714 97 823
715 29 1065
716 85 957
717 90 954
718 73 1137
719 96 1120
720 53 944
721 62 795
722 90 914
723 65 860
724 15 886
725 1 1007
726 63 1064
727 28 1046
728 8 1278
729 41 1088
730 1 1115
731 26 1006
732 74 960
733 79 1101
734 31 1028
735 10 1125
736 78 1035
737 13 740
738 75 735
739 20 1034
740 91 906
741 18 900
742 91 851
743 23 977
744 30 925
745 5 938
746 80 960
747 76 868
748 23 1074
749 97 1202
750 33 1163
751 70 1109
752 81 1038
753 57 1027
754 56 412
755 36 870
756 82 995
757 60 747
758 71 1079
759 2 1266
760 69 970
761 33 1286
762 54 1207
763 39 1117
764 42 1114
765 9 989
766 79 1213
767 79 1012
768 4 1138
769 95 1188
770 56 989
771 46 1035
772 15 1170
773 43 1067
774 25 1004
775 66 1011
776 34 624
777 2 1039
778 58 952
779 66 1053
780 12 1202
781 14 1095
782 7 990
783 22 846
784 81 1170
785 51 1202
786 20 1002
787 9 564
788 35 1309
789 1 911
790 88 689
791 57 873
792 37 938
793 85 1035
794 100 868
795 76 970
796 41 1102
797 74 1115
798 65 978
799 16 720
800 77 1035
801 36 1123
802 91 1210
803 50 847
804 55 1119
805 39 1201
806 68 1259
807 95 1021
808 96 1262
809 62 1149
810 76 918
811 40 1415
812 68 1089
813 2 1139
814 83 1086
815 93 1240
816 58 1181
817 58 1029
818 85 1065
819 95 1083
820 28 1230
821 97 860
822 88 932
823 90 1180
824 78 1296
825 78 1383
826 97 1084
827 18 1247
828 79 1182
829 50 1203
830 62 843
831 23 1266
832 98 1283
833 11 1125
834 28 1138
835 96 1027
836 39 1202
837 86 1265
838 11 1034
839 92 911
840 60 1209
841 48 1024
842 93 1283
843 67 947
844 8 1130
845 1 1319
846 8 1065
847 15 1214
848 60 1227
849 2 1122
850 90 675
851 50 1210
852 73 1220
853 3 776
854 17 1346
855 77 1120
856 49 879
857 96 1097
858 84 1213
859 99 1191
860 81 1085
861 53 1115
862 43 1097
863 94 1021
864 77 1282
865 15 1120
866 17 1331
867 68 1187
868 87 985
869 40 1346
870 90 1114
871 25 1191
872 54 1059
873 79 1412
874 26 1068
875 62 1083
876 50 1290
877 99 857
878 38 1180
879 18 1167
880 44 1222
881 64 1101
882 20 1085
883 70 920
884 46 1177
885 2 1201
886 21 1213
887 8 1211
888 58 1266
889 26 1220
890 47 1266
891 80 1028
892 93 1161
893 12 1392
894 92 1027
895 73 1124
896 56 1259
897 51 963
898 88 1265
899 17 1208
900 73 1053
901 24 1320
902 72 1034
903 7 1230
904 26 871
905 68 1301
906 12 1324
907 32 1207
908 63 445
909 48 1379
910 71 1131
911 88 1196
912 15 1262
913 66 792
914 94 1298
915 3 1458
916 35 1117
917 87 1082
918 64 1202
919 87 1111
920 68 1379
921 35 1227
922 61 1109
923 68 1433
924 2 1342
925 77 1150
926 23 1319
927 66 1316
928 11 1213
929 76 1213
930 37 1197
931 31 1378
932 45 1309
933 60 1402
934 27 1037
935 71 1150
936 79 1244
937 46 1336
938 17 1258
939 88 1153
940 16 1216
941 62 1035
942 4 1251
943 57 1346
944 8 1314
945 94 1372
946 52 1324
947 14 1172
948 63 1395
949 3 1290
950 16 1388
951 88 1388
952 36 1220
953 93 1122
954 90 1408
955 13 1247
956 13 1414
957 86 1398
958 100 1122
959 85 1286
960 48 1319
961 8 760
962 81 1285
963 99 1030
964 42 1400
965 95 1361
966 50 1378
967 90 1429
968 46 1269
969 17 1378
970 27 1379
971 3 1177
972 4 1024
973 34 1366
974 91 1291
975 93 1423
976 22 1415
977 3 1359
978 69 1072
979 66 1402
980 75 1383
981 4 1429
982 79 1324
983 65 1407
984 4 1113
985 75 1244
986 6 1230
987 89 1267
988 66 1493
989 1 1227
990 28 1408
991 97 1458
992 3 1028
993 11 895
994 27 1121
995 99 1361
996 25 1388
997 13 1315
998 83 1332
999 40 1288
1000 91 1214
