500
1 39 21
2 10 301
3 27 11
4 11 26
5 24 46
6 41 135
7 48 24
8 40 8
9 39 10
10 14 23
11 23 60
12 32 47
13 21 21
14 9 47
15 7 139
16 41 48
17 10 144
18 44 36
19 4 4
20 36 37
21 43 23
22 26 31
23 16 69
24 49 159
25 44 93
26 9 201
27 7 48
28 10 272
29 44 115
30 6 164
31 11 96
32 30 16
33 36 51
34 32 344
35 41 201
36 49 2
37 32 43
38 8 148
39 16 204
40 8 18
41 10 115
42 35 135
43 12 80
44 24 144
45 35 37
46 4 381
47 40 60
48 8 218
49 8 265
50 48 153
51 10 17
52 22 44
53 19 266
54 18 89
55 22 141
56 10 208
57 2 396
58 46 100
59 22 365
60 23 101
61 3 141
62 7 54
63 8 210
64 6 79
65 44 207
66 3 308
67 13 236
68 47 96
69 42 194
70 42 179
71 23 203
72 42 81
73 16 37
74 12 148
75 22 230
76 41 287
77 27 232
78 5 23
79 5 269
80 26 19
81 28 209
82 6 332
83 50 237
84 32 308
85 49 237
86 19 184
87 29 307
88 13 86
89 46 344
90 22 245
91 1 103
92 50 92
93 17 210
94 28 245
95 16 357
96 31 272
97 23 144
98 43 436
99 1 424
100 47 236
101 49 344
102 12 41
103 25 21
104 35 351
105 18 492
106 24 292
107 35 232
108 39 346
109 43 352
110 31 426
111 6 236
112 41 480
113 7 159
114 49 204
115 47 295
116 32 381
117 18 427
118 29 115
119 29 447
120 32 435
121 32 284
122 37 320
123 23 352
124 17 323
125 43 96
126 24 344
127 30 357
128 43 208
129 5 144
130 41 390
131 23 426
132 31 595
133 5 321
134 29 218
135 37 266
136 48 208
137 47 335
138 3 426
139 33 195
140 27 297
141 22 328
142 30 427
143 13 33
144 4 357
145 8 309
146 21 447
147 37 367
148 38 353
149 35 520
150 35 380
151 24 210
152 32 520
153 2 427
154 29 346
155 41 515
156 26 544
157 20 278
158 11 466
159 26 396
160 26 159
161 41 514
162 29 677
163 49 96
164 9 357
165 47 380
166 49 426
167 39 527
168 8 533
169 4 469
170 47 551
171 35 448
172 44 308
173 36 431
174 9 310
175 19 435
176 12 515
177 2 482
178 3 265
179 19 356
180 30 469
181 6 423
182 42 282
183 26 336
184 39 448
185 5 514
186 23 477
187 36 491
188 28 192
189 31 501
190 45 396
191 37 595
192 32 585
193 18 559
194 22 557
195 41 603
196 1 344
197 43 461
198 38 491
199 17 394
200 26 476
201 26 613
202 16 436
203 42 584
204 1 200
205 6 563
206 29 527
207 17 551
208 47 680
209 33 396
210 27 201
211 13 603
212 35 702
213 35 715
214 36 551
215 3 29
216 14 611
217 4 771
218 42 427
219 21 650
220 14 630
221 21 550
222 7 544
223 44 426
224 48 390
225 8 480
226 43 550
227 43 971
228 40 232
229 2 648
230 42 520
231 25 613
232 45 639
233 3 497
234 29 687
235 11 650
236 7 527
237 14 697
238 4 650
239 4 1007
240 11 652
241 9 408
242 38 597
243 47 697
244 34 477
245 25 621
246 20 502
247 47 642
248 49 590
249 10 595
250 38 526
251 38 653
252 37 742
253 13 497
254 30 727
255 32 621
256 41 687
257 46 499
258 28 595
259 12 601
260 44 640
261 1 480
262 40 469
263 7 618
264 23 738
265 2 908
266 40 676
267 27 705
268 16 515
269 13 572
270 16 688
271 4 738
272 41 764
273 26 582
274 37 678
275 48 544
276 12 659
277 23 779
278 2 554
279 16 582
280 28 770
281 24 618
282 42 595
283 18 685
284 34 672
285 28 703
286 28 826
287 26 642
288 20 992
289 41 690
290 4 551
291 46 613
292 8 719
293 29 613
294 5 956
295 45 566
296 43 988
297 4 777
298 42 590
299 34 581
300 39 681
301 42 954
302 48 743
303 18 719
304 17 793
305 24 683
306 50 576
307 5 832
308 33 769
309 29 399
310 49 697
311 24 870
312 47 861
313 24 492
314 39 621
315 16 1013
316 15 676
317 50 480
318 47 779
319 9 760
320 18 799
321 42 784
322 48 906
323 1 760
324 40 710
325 2 492
326 21 677
327 10 805
328 49 497
329 23 567
330 10 722
331 12 827
332 16 704
333 43 687
334 11 750
335 7 676
336 13 830
337 24 817
338 21 756
339 8 795
340 43 743
341 18 758
342 43 871
343 4 969
344 32 817
345 9 597
346 44 733
347 28 799
348 6 492
349 6 870
350 26 910
351 2 787
352 24 986
353 16 766
354 4 870
355 41 310
356 42 884
357 6 799
358 43 834
359 20 748
360 14 806
361 40 905
362 14 976
363 11 848
364 22 1062
365 34 887
366 39 761
367 25 919
368 13 889
369 43 1048
370 38 1062
371 27 831
372 10 896
373 36 827
374 2 956
375 45 905
376 31 1169
377 20 668
378 19 904
379 44 974
380 3 677
381 17 1005
382 49 760
383 24 970
384 25 964
385 26 970
386 49 811
387 50 36
388 49 477
389 3 818
390 42 1106
391 14 890
392 36 894
393 3 1086
394 17 940
395 48 978
396 37 1024
397 48 817
398 16 890
399 2 743
400 31 906
401 16 962
402 41 956
403 44 724
404 17 870
405 34 832
406 39 890
407 8 1026
408 24 567
409 34 1092
410 37 771
411 25 799
412 9 976
413 25 872
414 29 1160
415 27 722
416 31 980
417 19 1007
418 15 1058
419 2 870
420 41 834
421 11 595
422 47 1168
423 38 986
424 50 625
425 35 1065
426 41 878
427 34 1037
428 34 777
429 9 1058
430 2 1134
431 50 1019
432 50 1104
433 24 1061
434 29 864
435 37 978
436 50 931
437 37 868
438 41 1019
439 36 807
440 2 1201
441 38 787
442 24 1104
443 16 1062
444 11 1092
445 50 847
446 19 1160
447 29 1058
448 27 969
449 17 1102
450 1 865
451 12 742
452 7 1013
453 1 1058
454 21 1069
455 11 1020
456 15 969
457 23 1013
458 5 1048
459 6 1086
460 20 1136
461 4 1062
462 34 1137
463 24 762
464 25 1061
465 19 1086
466 31 1070
467 33 818
468 48 1060
469 9 1206
470 27 1184
471 11 925
472 30 1104
473 9 1081
474 45 1149
475 26 974
476 42 1054
477 8 1137
478 16 1067
479 30 1095
480 26 1136
481 32 1128
482 30 1062
483 2 1130
484 3 985
485 31 1037
486 23 958
487 24 1142
488 28 1155
489 32 1102
490 47 1068
491 39 1168
492 18 653
493 27 763
494 10 1117
495 17 1201
496 43 1104
497 42 1149
498 34 1104
499 35 1110
500 15 1128
