657
2 264 0
3 236 390
5 10 40
6 205 200
7 198 120
9 188 70
10 38 230
11 212 130
12 245 120
13 82 231
14 97 281
15 64 61
16 94 171
17 12 340
18 221 150
19 162 120
20 209 270
21 51 271
22 11 80
24 198 0
25 31 180
26 259 80
27 228 240
28 228 150
29 37 40
30 47 60
31 200 331
32 299 0
33 161 340
34 72 90
35 21 180
36 156 350
37 69 261
38 12 70
40 153 0
41 282 100
42 97 191
43 285 80
44 242 80
45 2 0
46 67 290
47 111 361
48 49 280
49 42 90
50 3 421
51 30 170
52 167 20
53 294 200
54 120 390
55 237 51
56 49 150
58 249 90
59 115 320
60 153 321
61 141 60
62 80 310
63 51 131
64 35 410
65 261 210
66 113 390
67 162 160
68 147 20
69 103 300
70 26 40
71 290 291
72 144 70
73 272 80
74 223 40
75 261 100
76 91 240
77 3 341
78 287 321
79 119 150
80 72 200
81 226 40
82 261 140
83 173 140
84 218 81
85 78 340
86 164 60
87 117 90
88 93 240
89 83 320
90 151 60
91 118 171
92 185 274
93 249 200
94 46 111
96 192 331
97 155 60
98 227 220
99 209 141
100 35 30
101 124 140
102 195 51
103 23 81
104 33 311
105 95 190
106 203 201
107 37 160
108 92 321
109 219 281
110 288 131
111 178 291
112 132 381
113 16 100
114 186 251
115 7 272
116 195 150
117 248 170
119 41 153
121 35 0
122 204 110
123 114 80
124 105 90
125 265 310
126 205 40
128 298 180
129 81 400
130 215 0
131 251 194
132 107 120
133 119 301
134 160 140
135 189 260
136 89 20
137 211 411
138 164 70
139 104 160
140 157 60
141 250 0
142 288 294
143 281 351
144 78 180
145 20 160
146 236 81
149 190 360
150 180 80
152 101 320
154 85 140
156 240 20
157 55 110
158 171 0
159 300 290
160 265 60
161 26 370
162 294 81
163 121 81
164 14 190
165 190 71
166 101 270
167 120 40
168 90 0
169 31 40
170 241 40
171 180 280
172 118 0
173 170 0
175 188 350
176 167 100
177 240 51
178 247 243
179 16 70
180 243 270
181 29 150
182 171 70
183 154 301
184 208 20
185 209 350
186 158 350
187 217 301
188 260 251
189 185 40
190 239 191
191 290 71
192 173 20
193 143 80
194 122 80
195 34 60
197 296 120
198 207 250
199 288 81
200 105 20
202 257 80
204 295 290
205 66 0
206 134 180
207 45 161
208 260 150
209 76 201
210 189 0
211 245 40
212 292 201
213 129 90
214 211 321
215 250 301
216 150 210
217 154 151
218 56 20
219 203 291
220 115 151
221 103 210
222 278 80
223 1 60
224 121 251
225 11 391
226 219 120
227 129 160
228 134 330
229 5 294
230 188 130
231 115 130
232 12 200
233 170 170
234 273 270
236 75 80
237 258 80
238 223 280
239 206 131
240 275 241
241 12 60
242 85 330
243 219 321
245 181 60
246 29 90
247 292 100
248 44 180
250 299 110
251 172 290
252 159 90
253 200 0
254 292 341
255 159 110
256 5 314
257 16 280
258 91 350
259 37 90
260 205 430
262 267 200
264 269 341
265 7 141
267 234 130
268 21 280
270 293 100
271 160 261
272 260 331
274 68 182
275 60 390
276 24 20
277 111 241
278 57 80
279 237 243
280 125 170
281 149 141
282 187 150
283 86 90
284 144 240
285 158 260
286 203 40
287 96 271
288 118 52
289 65 130
290 273 110
291 205 120
292 221 281
293 39 40
294 216 181
295 28 120
296 181 280
297 249 190
298 262 40
299 264 291
300 104 40
301 215 160
302 230 150
303 238 250
304 292 291
305 155 160
306 172 150
307 56 60
308 20 60
310 198 240
311 107 290
312 216 171
313 130 101
314 71 370
315 37 301
316 11 130
317 116 60
318 240 131
319 156 180
320 107 40
321 51 20
322 134 90
323 22 191
324 252 191
325 226 360
326 134 280
327 169 240
328 286 170
329 85 60
330 172 60
331 149 91
332 59 401
333 59 301
334 139 0
335 222 61
336 122 350
337 254 310
338 178 161
339 3 30
340 189 60
341 78 40
342 24 331
343 107 250
344 213 100
345 161 240
346 78 260
347 82 40
348 66 251
349 231 321
350 15 60
351 18 231
352 275 181
353 83 80
354 189 200
355 48 251
356 122 321
357 181 250
358 23 20
359 165 330
360 267 250
361 38 160
362 281 291
363 214 250
364 284 40
365 282 270
366 6 160
367 236 290
368 64 81
369 261 80
370 63 301
371 100 190
372 131 80
373 44 420
374 21 350
375 265 290
376 33 281
377 184 50
378 298 90
379 86 262
380 169 80
381 40 230
382 39 210
383 5 160
384 165 40
385 25 331
386 31 140
387 46 263
388 207 151
389 31 321
390 9 90
391 150 0
392 96 191
393 188 30
394 4 280
395 113 100
397 236 200
398 85 270
399 24 281
400 192 231
401 221 91
402 56 150
403 64 290
404 205 350
405 79 310
406 190 20
407 192 171
408 67 80
409 199 50
410 131 291
411 237 150
412 192 90
413 175 140
414 165 130
415 17 0
416 212 90
417 163 40
418 63 170
419 69 110
420 144 200
421 150 90
422 267 350
423 39 150
424 64 240
425 218 311
426 41 32
427 184 301
428 220 311
429 238 150
430 190 290
431 91 60
432 185 180
433 95 60
434 246 0
435 117 40
436 126 164
437 232 130
438 209 231
439 267 60
440 163 110
441 187 60
442 182 101
444 65 40
445 76 301
446 56 240
447 87 320
448 233 420
449 88 331
450 269 251
451 43 0
452 27 20
453 90 141
454 236 310
455 10 400
456 251 90
457 119 120
458 72 40
459 14 260
460 278 420
463 220 181
464 79 210
465 140 150
466 288 21
467 165 230
469 247 50
470 77 291
471 218 180
472 70 351
473 156 300
474 219 191
475 5 220
476 84 252
477 291 232
478 49 71
479 295 280
480 59 190
481 33 191
482 61 142
483 156 280
484 246 241
485 230 60
486 53 60
487 186 150
488 207 20
489 41 20
490 211 101
491 102 360
492 6 330
493 93 90
494 227 130
495 179 260
496 244 341
497 11 90
498 62 91
499 250 281
500 203 241
501 153 261
502 144 40
504 277 80
505 170 40
506 243 290
507 205 320
508 80 40
509 210 240
510 179 210
511 113 80
512 279 90
513 27 120
514 44 100
515 69 60
516 202 331
517 188 0
518 100 90
519 290 210
520 271 211
521 253 330
522 265 211
523 263 161
524 142 0
525 204 150
526 218 61
527 255 20
531 109 40
532 116 241
533 262 210
534 98 20
535 269 241
536 285 320
537 177 210
538 172 210
539 231 101
540 243 420
541 162 80
542 102 0
543 235 122
544 210 20
545 158 250
546 193 260
547 80 220
548 275 40
549 146 341
550 103 180
551 111 141
552 107 380
553 286 120
554 243 320
555 183 252
556 132 80
557 96 90
558 289 340
559 281 200
560 132 70
561 66 160
562 119 40
563 184 40
564 82 221
565 224 280
566 279 220
567 141 230
568 58 251
569 50 132
570 226 320
571 72 110
572 190 240
573 270 140
574 76 211
575 187 70
576 300 141
577 74 91
578 125 20
579 11 310
580 292 70
581 299 160
582 139 331
583 256 350
584 120 251
585 21 80
586 297 350
587 59 130
588 262 110
589 61 350
590 253 281
591 127 370
592 120 231
593 2 111
594 51 181
595 79 120
596 213 20
597 269 201
598 36 160
599 249 350
600 24 141
601 198 90
602 87 300
603 131 241
604 121 210
605 62 0
606 287 231
607 252 141
608 52 131
609 223 330
611 134 261
612 136 140
613 47 211
614 180 90
615 144 140
616 227 70
617 256 230
618 186 60
619 135 351
620 244 291
622 224 120
623 117 330
624 29 60
625 217 140
626 214 321
627 32 180
628 158 180
629 129 250
630 183 151
631 174 170
632 13 290
633 143 161
634 280 40
635 135 251
636 280 110
637 77 0
639 44 240
640 296 380
641 92 311
642 197 351
643 193 80
644 13 240
645 78 130
646 179 91
647 217 40
648 186 190
649 9 80
650 22 110
651 201 361
652 63 80
653 121 321
654 249 270
656 246 181
657 36 100
658 277 280
659 294 21
660 35 331
661 53 283
662 55 380
663 115 90
664 2 141
665 279 0
666 39 120
667 11 260
668 94 80
669 126 20
670 83 141
671 181 220
672 190 131
674 295 350
675 176 260
676 104 120
677 232 180
678 160 60
679 291 130
680 156 80
681 158 100
682 282 240
683 273 140
684 223 90
685 129 150
687 57 20
688 61 60
689 13 180
690 211 21
691 176 90
692 161 20
693 83 260
694 127 80
695 46 212
696 94 281
697 250 241
698 213 130
699 137 311
700 191 140
