657
2 264 0
3 236 260
5 10 40
6 205 220
7 198 120
9 188 80
10 38 60
11 212 40
12 245 120
13 82 40
14 97 60
15 64 20
16 94 170
17 12 350
18 221 150
19 162 80
20 209 280
21 51 270
22 11 140
24 198 0
25 31 40
26 94 250
27 228 240
28 228 150
29 37 40
30 47 60
31 200 280
32 299 0
33 161 340
34 72 90
35 21 120
36 156 150
37 69 380
38 12 70
40 153 60
41 282 60
42 97 190
43 285 80
44 242 80
45 2 120
46 67 290
47 111 360
48 49 220
49 42 100
50 3 300
51 30 240
52 167 80
53 285 200
54 35 380
55 237 20
56 49 150
58 249 90
59 115 150
60 149 320
61 115 30
62 153 250
63 14 130
64 134 0
65 30 200
66 113 351
67 162 160
68 147 40
69 103 110
70 26 40
71 290 131
72 144 70
73 272 80
74 223 50
75 261 80
76 91 240
77 3 180
78 30 330
79 119 40
80 72 200
81 226 40
82 261 150
83 173 140
84 218 70
85 78 160
86 164 60
87 117 90
88 93 250
89 83 90
90 151 60
91 118 170
92 185 60
93 249 200
94 46 20
96 192 240
97 155 60
98 227 220
99 209 160
100 35 60
101 124 140
102 243 60
103 23 20
104 33 80
105 95 130
106 203 280
107 37 160
108 92 201
109 219 250
110 288 170
111 178 290
112 132 341
113 16 101
114 186 240
115 7 211
116 195 190
117 248 170
119 41 120
121 157 60
122 154 160
123 114 80
124 105 90
125 265 200
126 205 40
128 255 160
129 81 180
130 215 80
131 251 90
132 107 120
133 119 270
134 160 140
135 189 140
136 89 20
137 211 260
138 164 70
139 104 40
140 157 90
141 250 0
142 288 220
143 281 100
144 78 170
145 20 100
146 236 80
149 190 290
150 180 80
152 101 30
154 85 140
156 240 20
157 55 130
158 171 0
159 300 290
160 265 60
161 26 150
162 294 140
163 121 100
164 14 20
165 190 70
166 101 210
167 120 60
168 90 20
169 31 180
170 241 20
171 180 240
172 118 0
173 170 0
175 188 240
176 167 140
177 240 60
178 247 270
179 16 60
180 243 210
181 29 160
182 171 70
183 154 110
184 208 20
185 209 350
186 158 210
187 217 220
188 260 140
189 185 40
190 239 190
191 290 80
192 173 20
193 143 80
194 122 80
195 34 60
197 296 121
198 207 180
199 288 0
200 105 20
202 257 80
204 295 290
205 66 0
206 134 180
207 45 130
208 260 200
209 76 300
210 189 40
211 245 40
212 292 200
213 129 90
214 211 320
215 250 60
216 150 210
217 154 200
218 56 20
219 203 161
220 115 60
221 103 210
222 111 60
223 1 60
224 121 250
225 11 340
226 219 230
227 129 190
228 91 330
229 5 220
230 188 140
231 115 80
232 12 200
233 170 120
234 273 240
236 266 20
237 258 80
238 223 230
239 206 20
240 275 60
241 12 60
242 85 330
243 219 130
245 181 170
246 29 100
247 292 100
248 44 290
250 299 110
251 172 60
252 159 0
253 200 60
254 292 340
255 159 80
256 5 80
257 16 280
258 266 231
259 37 81
260 205 430
262 267 310
264 94 360
265 7 140
267 160 150
268 21 220
270 293 100
271 160 290
272 260 330
274 68 121
275 60 40
276 24 20
277 111 260
278 57 20
279 237 260
280 125 120
281 149 140
282 187 70
283 86 90
284 144 140
285 158 60
286 203 40
287 64 230
288 118 50
289 65 180
290 246 130
291 205 270
292 221 240
293 39 40
294 216 100
295 28 140
296 181 200
297 249 190
298 262 210
299 264 91
300 104 60
301 215 180
302 230 60
303 238 250
304 292 290
305 155 160
306 172 150
307 56 60
308 20 60
310 198 360
311 107 290
312 216 200
313 130 80
314 71 310
315 37 250
316 11 171
317 116 60
318 240 30
319 156 50
320 107 40
321 51 40
322 134 91
323 22 161
324 252 190
325 226 170
326 134 260
327 169 241
328 286 160
329 85 60
330 172 70
331 149 90
332 59 200
333 59 210
334 139 0
335 222 60
336 122 191
337 254 310
338 178 80
339 3 60
340 189 70
341 78 70
342 24 90
343 107 250
344 213 120
345 161 180
346 78 300
347 187 190
348 66 60
349 231 60
350 15 60
351 18 80
352 275 120
353 83 80
354 189 200
355 48 281
356 122 270
357 181 90
358 140 60
359 165 180
360 267 130
361 38 220
362 281 40
363 214 201
364 284 60
365 282 220
366 6 100
367 236 290
368 64 40
369 261 120
370 78 40
371 100 190
372 131 80
373 44 340
374 21 301
375 265 290
376 33 280
377 184 50
378 298 110
379 86 110
380 169 80
381 40 230
382 39 210
383 5 160
384 165 40
385 25 250
386 31 140
387 46 200
388 167 20
389 31 320
390 9 140
391 150 0
392 96 190
393 188 30
394 4 110
395 113 80
397 236 170
398 85 270
399 24 200
400 192 140
401 221 80
402 56 150
403 64 290
404 205 150
405 72 310
406 190 20
407 153 190
408 67 130
409 199 80
410 131 180
411 237 150
412 192 310
413 175 160
414 165 140
415 17 60
416 212 130
417 163 40
418 63 170
419 69 111
420 144 220
421 150 100
422 267 230
423 39 150
424 64 180
425 218 310
426 41 40
427 184 300
428 213 231
429 238 150
430 122 281
431 91 60
432 185 180
433 95 60
434 246 0
435 117 40
436 126 60
437 232 130
438 209 250
439 267 100
440 163 110
441 187 60
442 182 160
444 65 40
445 76 200
446 56 240
447 87 281
448 233 310
449 88 330
450 269 0
451 43 80
452 27 50
453 90 130
454 236 310
455 10 380
456 251 190
457 119 140
458 72 40
459 14 260
460 278 60
463 220 220
464 79 230
465 140 150
466 288 60
467 165 340
469 247 50
470 77 290
471 218 180
472 70 300
473 156 190
474 219 40
475 5 150
476 84 250
477 291 361
478 199 20
479 295 20
480 59 190
481 33 190
482 61 140
483 156 30
484 246 230
485 230 90
486 53 60
487 186 160
488 207 80
489 252 20
490 146 81
491 102 360
492 6 330
493 93 200
494 227 80
495 179 160
496 244 80
497 11 80
498 62 90
499 250 100
500 157 170
501 153 0
502 144 20
504 277 80
505 295 60
506 243 290
507 205 190
508 80 60
509 210 130
510 179 80
511 113 130
512 279 130
513 27 150
514 44 100
515 69 60
516 202 280
517 188 0
518 100 90
519 290 230
520 271 210
521 253 330
522 265 320
523 263 120
524 142 0
525 204 111
526 218 0
527 255 40
531 109 40
532 116 160
533 262 40
534 98 20
535 269 90
536 256 270
537 177 71
538 172 220
539 182 40
540 243 420
541 162 120
542 102 0
543 235 150
544 210 20
545 158 280
546 193 160
547 80 220
548 275 40
549 146 320
550 103 180
551 111 160
552 107 380
553 286 250
554 243 320
555 183 80
556 132 140
557 96 261
558 289 340
559 105 200
560 132 70
561 66 180
562 119 60
563 184 40
564 82 140
565 224 170
566 279 50
567 141 210
568 58 200
569 50 140
570 226 210
571 72 110
572 190 240
573 270 140
574 76 210
575 187 110
576 300 100
577 74 40
578 148 80
579 11 110
580 292 60
581 299 160
582 139 171
583 256 350
584 120 160
585 21 80
586 297 330
587 59 130
588 262 110
589 61 220
590 253 231
591 127 300
592 120 230
593 2 90
594 51 180
595 79 140
596 213 60
597 269 120
598 36 60
599 249 350
600 24 250
601 198 90
602 87 60
603 67 80
604 121 80
605 62 0
606 287 220
607 252 140
608 52 130
609 223 340
611 134 310
612 136 140
613 47 130
614 180 90
615 144 260
616 227 120
617 256 230
618 186 60
619 92 60
620 244 250
622 224 120
623 117 330
624 29 60
625 217 140
626 134 320
627 32 180
628 158 180
629 129 150
630 183 150
631 174 170
632 13 80
633 143 150
634 280 40
635 135 200
636 280 150
637 77 80
639 44 240
640 296 360
641 92 320
642 197 360
643 193 80
644 13 251
645 78 250
646 232 81
647 217 40
648 186 310
649 9 80
650 22 80
651 201 310
652 63 80
653 121 360
654 249 270
656 246 170
657 36 160
658 222 200
659 294 20
660 120 150
661 53 220
662 55 340
663 115 100
664 2 170
665 279 220
666 39 120
667 11 280
668 94 80
669 126 90
670 83 140
671 181 60
672 190 130
674 295 350
675 176 130
676 104 180
677 232 180
678 160 60
679 291 140
680 34 150
681 158 150
682 282 260
683 273 140
684 223 40
685 129 280
687 27 20
688 61 60
689 13 180
690 211 60
691 176 190
692 161 20
693 83 260
694 127 80
695 46 240
696 94 290
697 250 200
698 213 181
699 137 140
700 159 250
