599
1 2 230
2 125 190
3 224 40
4 294 0
5 180 0
6 250 40
7 229 60
8 22 230
9 204 240
10 264 260
11 166 220
12 48 280
13 110 70
14 168 350
15 224 390
16 62 80
17 73 70
18 201 0
19 198 100
20 41 140
21 193 80
22 26 30
23 25 140
24 198 0
25 203 280
26 122 60
27 107 110
28 202 240
29 239 190
30 254 340
31 205 0
32 139 0
33 3 100
34 70 0
35 52 260
36 256 100
37 232 110
38 280 260
39 292 280
40 217 70
41 194 40
42 83 50
43 115 60
44 132 220
45 242 200
46 76 0
47 35 270
48 297 0
49 99 70
50 211 0
51 112 20
52 129 170
53 82 170
54 245 180
55 30 140
56 58 220
57 241 290
58 105 110
60 291 350
61 219 90
62 141 0
63 23 230
64 252 230
65 31 0
66 86 120
67 286 80
68 75 0
69 155 70
70 297 10
71 277 210
72 122 110
73 59 110
74 146 150
75 189 20
76 188 100
77 167 20
78 148 180
79 179 260
80 13 20
81 180 150
82 261 160
83 24 20
84 166 140
85 240 220
86 161 110
87 73 180
88 56 160
89 266 510
90 289 0
91 24 160
92 282 40
93 84 20
94 274 0
95 275 170
96 253 80
97 55 240
98 243 110
99 134 150
100 147 120
101 162 210
102 176 310
103 209 50
104 209 0
105 44 60
106 25 20
107 72 350
108 124 0
109 126 20
110 167 340
111 136 0
112 111 70
113 87 0
114 153 180
115 153 0
116 8 110
117 298 390
118 78 100
119 284 110
120 261 220
121 100 20
122 19 110
123 138 0
124 114 60
125 249 40
126 261 40
127 47 70
128 74 190
129 223 20
130 300 40
131 91 180
132 126 120
133 257 300
134 92 20
135 5 0
136 233 60
137 60 20
138 24 210
139 19 300
140 109 20
141 249 290
142 209 120
143 28 80
144 48 40
145 112 130
146 109 110
147 243 310
148 17 140
149 298 60
150 136 20
151 66 0
152 236 130
153 299 100
154 81 240
155 97 0
156 186 220
157 65 140
158 71 180
159 142 150
160 285 60
161 268 230
162 34 60
163 35 190
164 300 20
165 5 20
166 46 40
167 248 20
168 31 110
169 188 20
170 289 20
171 286 250
172 277 20
173 231 310
174 14 220
175 170 110
176 15 110
177 263 110
178 262 280
179 171 410
180 129 70
181 256 0
182 234 330
183 225 80
184 205 230
185 139 100
186 32 190
187 287 150
188 79 200
189 213 40
190 89 80
191 86 60
192 265 20
193 41 170
194 155 20
195 269 0
196 129 60
197 285 200
198 152 110
199 48 170
200 108 200
201 280 0
202 104 90
203 227 0
204 145 60
205 22 90
206 287 0
207 54 210
208 269 100
209 299 20
210 48 100
211 132 0
212 174 60
213 258 0
214 6 130
215 193 240
216 139 60
217 220 370
218 156 220
219 134 80
220 290 0
221 241 180
222 156 40
223 217 0
224 172 120
225 91 0
226 183 110
227 265 140
228 300 170
229 4 120
230 76 80
231 78 140
232 227 90
233 97 410
234 163 80
235 217 270
236 21 230
237 46 110
238 50 170
239 66 170
240 69 150
241 212 140
242 100 380
243 75 250
244 208 120
245 117 20
246 30 120
247 275 90
248 71 50
249 117 100
250 100 30
251 255 0
252 296 40
253 97 110
254 271 220
255 87 220
256 45 20
257 58 110
258 296 180
259 296 280
260 220 40
261 200 20
262 229 40
263 167 150
264 104 60
265 115 120
266 133 110
267 162 100
268 255 40
269 44 150
270 163 160
271 278 190
272 280 80
273 33 60
274 267 140
275 69 60
276 280 110
277 300 140
278 181 280
279 162 70
280 95 110
281 100 100
282 185 180
283 211 20
284 246 70
285 57 140
286 97 10
287 266 20
288 221 260
289 250 270
290 98 140
291 270 90
292 21 150
293 244 20
294 30 90
295 239 260
296 84 30
297 51 120
298 120 370
299 252 20
300 138 250
301 13 180
302 122 180
303 154 40
304 6 230
305 1 100
306 259 130
307 138 140
308 183 360
309 195 90
310 276 200
311 174 230
312 169 220
313 253 0
314 202 100
315 80 60
316 16 190
317 279 80
318 240 40
319 10 210
320 228 340
321 50 60
322 270 150
323 175 90
324 35 150
325 176 180
326 297 310
327 233 410
328 179 0
329 222 110
330 41 20
331 17 60
332 262 60
333 278 50
334 46 160
335 179 150
336 188 360
337 281 260
338 5 110
339 29 120
340 276 20
341 171 20
342 131 290
343 294 10
344 172 80
345 116 150
346 52 0
347 185 0
348 60 310
349 191 60
350 135 50
351 128 200
352 238 190
353 66 30
354 290 320
355 275 40
356 247 0
357 228 120
358 45 220
359 15 20
360 250 110
361 140 260
362 61 60
363 69 70
364 261 300
365 257 20
366 62 210
367 240 200
368 16 80
369 79 370
370 174 150
371 6 0
372 87 110
373 60 140
374 197 160
375 226 150
376 20 0
377 11 200
378 54 80
379 169 120
380 117 130
381 111 0
382 92 150
383 149 90
384 110 20
385 75 70
386 232 20
387 196 370
388 53 120
389 210 20
390 8 60
391 28 250
392 37 150
393 160 120
394 230 90
395 3 380
396 66 40
397 121 280
398 284 40
399 57 40
400 176 40
401 143 20
402 71 0
403 283 140
404 109 510
405 154 120
406 212 210
407 100 170
408 182 140
409 219 0
410 27 20
411 53 190
412 151 410
413 295 210
414 106 40
415 136 210
416 202 130
417 18 210
418 222 40
419 222 350
420 2 30
421 157 20
422 230 280
423 123 140
424 169 60
425 70 210
426 119 150
427 45 90
428 110 110
429 154 250
430 206 150
431 186 130
432 168 40
433 182 350
434 193 20
435 63 220
436 233 170
437 77 160
438 43 230
439 47 120
440 150 230
441 293 130
442 113 80
443 49 100
444 9 40
445 226 20
446 102 60
447 74 80
448 164 320
449 203 60
450 16 140
451 236 190
452 42 180
453 283 250
454 136 270
455 288 170
456 114 280
457 30 40
458 111 290
459 223 370
460 101 200
461 231 150
462 273 40
463 12 60
464 265 200
465 164 230
466 118 90
467 15 230
468 6 30
469 115 20
470 199 0
471 215 0
472 23 20
473 297 70
474 70 30
475 38 60
476 93 70
477 146 80
478 219 140
479 195 180
480 120 70
481 161 20
482 62 260
483 292 130
484 231 20
485 181 20
486 133 20
487 81 20
488 211 100
489 88 120
490 45 40
491 55 0
492 143 40
493 266 120
494 252 30
495 32 100
496 136 80
497 286 450
498 189 180
499 217 80
500 169 0
501 113 140
502 82 60
503 225 90
504 96 310
505 178 20
506 64 90
507 208 20
508 203 140
509 158 60
510 278 150
511 269 350
512 252 80
513 153 150
514 20 20
515 72 140
516 268 20
517 251 80
518 31 120
519 58 250
520 260 40
521 13 60
522 164 120
523 91 20
524 11 0
525 21 60
526 274 50
527 215 150
528 115 230
529 9 120
530 71 10
531 160 80
532 7 20
533 221 170
534 33 210
535 281 140
536 38 120
537 177 110
538 128 90
539 40 60
540 297 210
541 3 310
542 95 40
543 138 20
544 90 60
545 199 70
546 5 160
547 51 190
548 44 210
549 43 120
550 142 80
551 236 60
552 123 120
553 175 270
554 151 60
555 159 210
556 254 60
557 80 90
558 268 40
559 257 120
560 292 180
561 216 150
562 79 20
563 4 90
564 279 150
565 119 60
566 96 40
567 161 180
568 54 120
569 220 60
570 144 90
571 99 60
572 126 50
573 26 70
574 174 130
575 211 40
576 207 20
577 68 220
578 179 100
579 272 110
580 84 60
581 244 130
582 246 0
583 144 200
584 245 30
585 11 70
586 35 40
587 207 130
588 103 40
589 292 40
590 279 20
591 282 140
592 94 320
593 81 160
594 4 200
595 70 110
596 29 20
597 190 20
598 65 110
599 148 40
600 164 180
