599
1 2 450
2 125 420
3 123 320
4 267 80
5 208 20
6 250 140
7 229 390
8 22 231
9 204 350
10 264 331
11 202 280
12 48 332
13 237 330
14 168 381
15 224 490
16 119 100
17 73 130
18 212 90
19 198 220
20 41 330
21 21 150
22 26 90
23 220 360
24 180 0
25 203 310
26 155 430
27 177 370
28 202 453
29 72 250
30 254 431
31 83 241
32 151 60
33 3 221
34 147 82
35 52 342
36 49 101
37 232 172
38 280 391
39 292 470
40 265 300
41 194 40
42 1 100
43 115 101
44 132 282
45 242 230
46 263 470
47 35 321
48 238 81
49 25 130
50 195 300
51 121 81
52 162 451
53 82 281
54 245 260
55 30 410
56 58 502
57 241 403
58 105 112
60 291 472
61 219 121
62 24 72
63 23 483
64 87 291
65 31 0
66 86 170
67 286 81
68 295 380
69 73 470
70 244 270
71 277 430
72 177 390
73 59 162
74 251 462
75 186 80
76 38 370
77 61 101
78 148 370
79 179 450
80 283 61
81 93 462
82 261 320
83 32 152
84 166 251
85 240 470
86 215 261
87 176 270
88 56 230
89 266 490
90 164 151
91 127 220
92 270 191
93 33 60
94 192 60
95 275 382
96 12 121
97 55 420
98 255 310
99 134 151
100 100 170
101 162 220
102 140 500
103 300 90
104 209 0
105 31 320
106 163 80
107 72 330
108 124 1
109 260 462
110 167 420
111 136 80
112 260 40
113 250 80
114 153 190
115 181 360
116 15 430
117 298 471
118 78 320
119 284 251
120 261 221
121 100 131
122 24 442
123 123 400
124 125 290
125 90 60
126 86 490
127 108 441
128 74 230
129 223 90
130 300 120
131 91 251
132 11 140
133 257 472
134 237 220
135 265 20
136 115 240
137 60 81
138 24 350
139 81 450
140 212 60
141 87 390
142 116 182
143 206 470
144 171 100
145 112 130
146 228 110
147 243 430
148 17 260
149 298 60
150 98 80
151 7 150
152 58 320
153 299 172
154 81 291
155 87 361
156 186 280
157 65 142
158 156 450
159 142 202
160 285 60
161 268 333
162 242 140
163 184 450
164 300 80
165 263 150
166 14 130
167 114 320
168 31 130
169 188 82
170 152 60
171 286 440
172 243 70
173 231 370
174 233 380
175 222 501
176 15 111
177 263 250
178 262 351
179 171 480
180 14 200
181 19 60
182 234 520
183 225 82
184 138 402
185 16 300
186 32 252
187 287 331
188 79 200
189 165 440
190 89 121
191 193 60
192 265 420
193 91 150
194 43 201
195 240 40
196 15 90
197 285 201
198 152 330
199 137 232
200 108 390
201 37 80
202 49 460
203 227 0
204 13 161
205 95 151
206 248 40
207 54 210
208 269 101
209 40 61
210 48 150
211 197 260
212 27 120
213 155 81
214 6 110
215 193 330
216 139 60
217 220 440
218 156 251
219 229 221
220 257 20
221 193 490
222 156 271
223 217 81
224 172 230
225 284 41
226 297 382
227 265 160
228 282 220
229 292 320
230 76 271
231 189 431
232 59 152
233 97 460
234 111 322
235 217 250
236 21 231
237 128 260
238 279 220
239 135 442
240 72 140
241 212 191
242 100 410
243 75 470
244 129 230
245 236 112
246 30 390
247 275 131
248 50 162
249 66 202
250 197 210
251 276 462
252 90 70
253 58 110
254 271 440
255 136 392
256 297 20
257 58 410
258 65 480
259 296 430
260 232 81
261 227 130
262 176 40
263 179 181
264 126 70
265 115 190
266 78 460
267 162 330
268 292 112
269 44 300
270 163 410
271 278 251
272 280 361
273 33 70
274 267 291
275 250 130
276 78 310
277 300 431
278 181 330
279 162 300
280 95 251
281 100 382
282 271 250
283 211 0
284 46 130
285 62 280
286 210 60
287 293 40
288 221 262
289 250 340
290 98 280
291 270 231
292 21 330
293 88 80
294 229 150
295 239 442
296 230 80
297 51 170
298 120 440
299 243 60
300 138 340
301 60 210
302 122 240
303 154 41
304 249 450
305 1 190
306 259 251
307 120 191
308 183 441
309 195 90
310 276 221
311 174 330
312 169 390
313 174 212
314 202 370
315 228 280
316 16 472
317 279 380
318 63 60
319 186 411
320 228 400
321 72 80
322 270 390
323 175 172
324 35 211
325 176 201
326 297 501
327 233 390
328 77 272
329 222 170
330 41 300
331 172 440
332 258 240
333 194 280
334 46 410
335 179 151
336 188 391
337 281 320
338 5 112
339 29 390
340 259 80
341 155 330
342 131 390
343 42 80
344 172 320
345 116 151
346 128 131
347 185 460
348 97 400
349 191 120
350 78 360
351 128 200
352 238 191
353 120 181
354 290 490
355 291 80
356 190 60
357 228 200
358 41 230
359 112 331
360 194 150
361 140 320
362 61 201
363 69 450
364 261 361
365 90 140
366 62 490
367 240 202
368 201 70
369 244 431
370 174 151
371 164 80
372 166 170
373 60 271
374 197 140
375 226 251
376 119 340
377 295 350
378 183 260
379 169 280
380 101 170
381 201 0
382 92 422
383 149 150
384 64 150
385 75 90
386 271 62
387 196 462
388 293 320
389 210 330
390 223 60
391 250 390
392 44 450
393 160 130
394 222 130
395 3 410
396 237 120
397 121 410
398 206 60
399 57 40
400 129 60
401 194 130
402 168 100
403 283 390
404 109 490
405 13 490
406 212 350
407 100 232
408 182 240
409 294 412
410 128 300
411 53 430
412 151 390
413 295 440
414 7 110
415 136 212
416 202 110
417 18 250
418 137 312
419 222 441
420 2 112
421 130 80
422 230 470
423 123 220
424 148 200
425 280 250
426 193 390
427 45 92
428 110 161
429 154 330
430 206 330
431 259 341
432 168 90
433 182 341
434 247 1
435 65 331
436 142 313
437 77 392
438 43 310
439 47 130
440 150 473
441 293 130
442 195 320
443 49 390
444 261 40
445 164 111
446 102 61
447 293 360
448 164 391
449 203 482
450 16 170
451 278 220
452 42 422
453 283 302
454 156 351
455 288 350
456 114 443
457 225 92
458 111 282
459 228 460
460 101 260
461 231 251
462 37 130
463 278 120
464 265 400
465 164 361
466 66 172
467 252 270
468 93 60
469 115 220
470 207 80
471 215 20
472 129 160
473 167 130
474 204 450
475 101 210
476 191 220
477 33 391
478 15 390
479 195 270
480 120 91
481 14 80
482 62 361
483 76 361
484 222 40
485 159 80
486 58 220
487 77 93
488 84 232
489 88 300
490 168 40
491 55 20
492 143 20
493 119 360
494 42 180
495 32 202
496 230 130
497 286 480
498 68 392
499 217 151
500 109 62
501 113 412
502 102 81
503 298 301
504 96 413
505 287 0
506 64 331
507 75 40
508 203 260
509 191 320
510 278 291
511 269 441
512 252 280
513 197 230
514 143 111
515 72 180
516 239 82
517 251 90
518 182 202
519 58 380
520 260 100
521 23 20
522 221 352
523 209 40
524 107 80
525 21 271
526 274 91
527 215 190
528 201 480
529 9 100
530 49 80
531 160 100
532 179 0
533 58 200
534 33 351
535 281 330
536 38 350
537 265 200
538 128 210
539 133 470
540 297 412
541 84 422
542 95 40
543 138 20
544 90 220
545 194 230
546 82 181
547 102 230
548 44 380
549 43 370
550 142 81
551 219 171
552 123 310
553 175 262
554 151 430
555 119 300
556 29 370
557 80 291
558 230 100
559 107 170
560 292 350
561 216 170
562 237 80
563 4 111
564 8 230
565 299 282
566 153 0
567 161 400
568 263 240
569 220 130
570 144 150
571 9 61
572 117 432
573 60 371
574 174 202
575 298 130
576 80 61
577 68 332
578 179 360
579 272 433
580 36 190
581 46 430
582 290 0
583 44 410
584 245 340
585 16 210
586 276 490
587 291 131
588 62 61
589 210 260
590 252 380
591 228 300
592 94 390
593 270 350
594 4 391
595 70 151
596 29 450
597 227 90
598 65 401
599 119 200
600 299 272
