599
1 2 250
2 125 250
3 123 80
4 267 80
5 208 20
6 250 40
7 229 320
8 22 300
9 204 350
10 264 260
11 202 230
12 48 300
13 237 180
14 168 350
15 240 450
16 119 100
17 73 130
18 44 60
19 198 150
20 41 320
21 21 200
22 26 30
23 220 160
24 180 0
25 203 300
26 155 220
27 177 190
28 279 470
29 72 191
30 254 360
31 83 40
32 151 60
33 3 160
34 147 80
35 52 390
36 49 100
37 232 210
38 280 300
39 292 310
40 265 270
41 194 290
42 1 240
43 115 100
44 132 220
45 242 220
46 263 140
47 35 290
48 238 80
49 25 120
50 195 80
51 121 60
52 271 411
53 82 250
54 245 260
55 30 150
56 58 390
57 241 320
58 105 110
60 291 370
61 219 150
62 24 20
63 23 450
64 87 280
65 31 0
66 86 140
67 286 80
68 295 80
69 73 230
70 244 20
71 277 230
72 177 345
73 59 130
74 146 340
75 186 80
76 38 120
77 61 60
78 148 200
79 179 280
80 283 60
81 180 341
82 261 420
83 32 80
84 166 250
85 240 280
86 215 345
87 176 240
88 56 140
89 266 490
90 164 80
91 24 220
92 270 285
93 33 60
94 10 60
95 275 390
96 12 120
97 55 380
98 255 330
99 134 161
100 100 340
101 162 370
102 140 400
103 300 120
104 209 0
105 31 140
106 163 80
107 72 330
108 124 0
109 260 90
110 167 360
111 136 0
112 260 120
113 250 110
114 153 180
115 181 20
116 217 330
117 298 500
118 78 120
119 284 200
120 261 280
121 100 40
122 24 150
123 123 160
124 125 80
125 90 60
126 86 60
127 47 190
128 74 190
129 223 20
130 300 60
131 91 200
132 11 140
133 272 431
134 237 190
135 265 20
136 115 150
137 60 120
138 24 240
139 19 395
140 212 60
141 87 350
142 116 180
143 206 280
144 171 100
145 112 130
146 228 110
147 243 320
148 17 180
149 298 120
150 98 60
151 7 20
152 58 280
153 299 170
154 81 201
155 87 20
156 186 310
157 65 100
158 156 250
159 142 310
160 285 60
161 268 251
162 242 80
163 184 220
164 300 20
165 263 60
166 46 40
167 114 60
168 31 130
169 188 60
170 152 60
171 286 270
172 243 70
173 231 320
174 233 380
175 222 240
176 15 110
177 263 110
178 262 350
179 171 480
180 14 90
181 19 60
182 234 360
183 225 80
184 138 241
185 16 100
186 32 190
187 287 370
188 79 200
189 165 80
190 89 120
191 193 60
192 265 40
193 41 150
194 43 160
195 240 40
196 15 90
197 285 200
198 152 160
199 48 380
200 108 320
201 120 40
202 49 230
203 227 60
204 59 140
205 95 150
206 248 20
207 54 230
208 269 40
209 40 60
210 48 150
211 197 210
212 27 190
213 155 20
214 6 110
215 193 280
216 139 0
217 220 431
218 156 330
219 229 220
220 257 20
221 193 240
222 156 40
223 217 0
224 172 140
225 284 40
226 297 130
227 265 230
228 282 480
229 292 360
230 76 170
231 78 190
232 59 80
233 97 430
234 111 70
235 217 250
236 21 230
237 128 330
238 279 190
239 135 510
240 72 271
241 212 180
242 100 400
243 75 270
244 129 160
245 236 60
246 30 120
247 275 100
248 50 70
249 66 40
250 197 60
251 276 50
252 90 346
253 58 120
254 271 321
255 136 350
256 297 0
257 58 210
258 65 280
259 296 440
260 232 20
261 227 150
262 176 40
263 179 180
264 126 80
265 115 310
266 78 160
267 162 120
268 292 60
269 44 440
270 163 160
271 44 240
272 280 120
273 33 120
274 267 190
275 250 190
276 78 300
277 300 230
278 181 370
279 162 340
280 95 250
281 100 320
282 271 180
283 211 0
284 46 220
285 62 140
286 97 0
287 293 40
288 221 260
289 250 330
290 98 140
291 270 325
292 21 170
293 88 60
294 229 180
295 239 440
296 230 80
297 51 160
298 120 431
299 243 60
300 138 310
301 60 310
302 122 240
303 154 40
304 249 450
305 1 160
306 259 240
307 120 100
308 183 470
309 195 150
310 276 280
311 174 251
312 169 380
313 174 40
314 202 150
315 228 80
316 16 230
317 279 100
318 63 60
319 186 230
320 228 400
321 72 80
322 270 190
323 175 170
324 35 190
325 176 200
326 297 370
327 233 390
328 77 80
329 222 130
330 41 20
331 172 80
332 258 160
333 194 200
334 46 200
335 179 150
336 188 360
337 281 320
338 5 110
339 29 140
340 263 240
341 155 230
342 131 321
343 42 100
344 172 230
345 116 150
346 128 280
347 185 0
348 97 370
349 191 120
350 78 200
351 128 220
352 238 190
353 120 90
354 290 480
355 291 80
356 190 20
357 228 200
358 41 250
359 112 40
360 194 110
361 140 320
362 283 160
363 69 90
364 261 350
365 90 70
366 62 250
367 240 200
368 201 0
369 79 420
370 174 150
371 164 140
372 166 170
373 60 370
374 197 140
375 226 150
376 119 60
377 295 280
378 54 80
379 169 110
380 101 240
381 201 114
382 92 170
383 149 90
384 64 40
385 75 90
386 271 60
387 196 490
388 293 380
389 210 20
390 223 120
391 250 381
392 44 160
393 160 130
394 222 200
395 3 400
396 237 80
397 121 370
398 206 60
399 57 40
400 129 60
401 194 40
402 168 100
403 283 200
404 109 490
405 13 210
406 212 210
407 100 230
408 261 161
409 294 0
410 128 110
411 53 271
412 151 390
413 295 190
414 7 110
415 136 210
416 202 110
417 18 230
418 137 60
419 222 430
420 2 110
421 130 80
422 230 300
423 123 180
424 148 140
425 70 285
426 193 360
427 45 90
428 110 110
429 201 270
430 206 170
431 259 150
432 168 40
433 182 330
434 247 0
435 65 330
436 142 230
437 77 220
438 43 270
439 47 130
440 150 450
441 293 130
442 195 320
443 49 270
444 261 40
445 164 100
446 102 60
447 293 270
448 164 381
449 203 60
450 16 250
451 278 220
452 42 240
453 283 410
454 136 260
455 288 210
456 114 370
457 232 30
458 111 280
459 228 460
460 101 200
461 231 150
462 37 60
463 278 320
464 265 420
465 164 270
466 66 170
467 252 430
468 93 60
469 115 20
470 207 20
471 215 60
472 129 260
473 167 200
474 204 40
475 101 80
476 191 220
477 33 270
478 219 210
479 195 240
480 120 200
481 14 160
482 62 390
483 76 330
484 222 40
485 159 80
486 58 60
487 77 160
488 84 70
489 88 160
490 168 50
491 55 0
492 143 20
493 119 350
494 42 80
495 32 130
496 230 100
497 286 470
498 68 200
499 217 100
500 109 20
501 113 160
502 102 80
503 225 100
504 96 510
505 287 0
506 64 130
507 75 0
508 203 190
509 201 60
510 278 150
511 269 370
512 252 120
513 153 230
514 143 110
515 90 176
516 239 80
517 251 100
518 182 200
519 58 340
520 260 40
521 23 20
522 221 160
523 33 70
524 215 0
525 21 60
526 274 90
527 215 170
528 115 260
529 9 100
530 49 80
531 160 100
532 179 0
533 58 370
534 33 230
535 281 330
536 38 350
537 265 130
538 128 230
539 133 100
540 297 276
541 3 320
542 95 40
543 138 0
544 90 246
545 194 60
546 5 290
547 51 390
548 44 330
549 43 120
550 142 80
551 219 110
552 123 270
553 175 260
554 151 120
555 119 400
556 29 100
557 80 150
558 230 200
559 107 140
560 292 240
561 216 170
562 237 280
563 4 110
564 8 170
565 299 20
566 153 0
567 161 230
568 263 230
569 220 40
570 144 150
571 9 40
572 117 20
573 60 70
574 174 190
575 298 60
576 80 60
577 68 230
578 179 330
579 272 110
580 36 100
581 46 290
582 290 0
583 44 400
584 245 70
585 16 130
586 276 20
587 276 190
588 62 60
589 210 80
590 252 20
591 228 280
592 94 380
593 270 230
594 4 290
595 70 220
596 29 20
597 227 0
598 65 200
599 119 200
600 299 270
